##FastQC	0.10.1
>>Basic Statistics	pass
#Measure	Value	
Filename	SRR1039517_2.fastq.gz	
File type	Conventional base calls	
Encoding	Sanger / Illumina 1.9	
Total Sequences	100000	
Filtered Sequences	0	
Sequence length	63	
%GC	49	
>>END_MODULE
>>Per base sequence quality	pass
#Base	Mean	Median	Lower Quartile	Upper Quartile	10th Percentile	90th Percentile
1	37.2129	39.0	37.0	39.0	34.0	39.0
2	38.69134	40.0	38.0	41.0	34.0	41.0
3	38.42129	40.0	38.0	41.0	33.0	41.0
4	38.53237	40.0	38.0	41.0	34.0	41.0
5	38.61178	40.0	38.0	41.0	34.0	41.0
6	38.50335	40.0	38.0	41.0	34.0	41.0
7	38.36976	40.0	38.0	41.0	34.0	41.0
8	38.34986	40.0	38.0	41.0	34.0	41.0
9	38.16551	40.0	38.0	41.0	33.0	41.0
10	38.20598	40.0	38.0	41.0	33.0	41.0
11	38.08673	40.0	38.0	41.0	33.0	41.0
12	38.03385	40.0	38.0	41.0	33.0	41.0
13	37.71265	40.0	38.0	41.0	32.0	41.0
14	37.80963	40.0	38.0	41.0	32.0	41.0
15	37.73679	40.0	38.0	41.0	32.0	41.0
16	37.72729	40.0	38.0	41.0	32.0	41.0
17	37.77797	40.0	38.0	41.0	32.0	41.0
18	37.42952	40.0	37.0	41.0	31.0	41.0
19	37.45885	40.0	37.0	41.0	31.0	41.0
20	37.43933	40.0	37.0	41.0	31.0	41.0
21	37.59549	40.0	38.0	41.0	32.0	41.0
22	37.31454	40.0	37.0	41.0	31.0	41.0
23	37.41045	40.0	37.0	41.0	31.0	41.0
24	37.50823	40.0	38.0	41.0	31.0	41.0
25	37.56227	40.0	38.0	41.0	32.0	41.0
26	37.39196	40.0	37.0	41.0	31.0	41.0
27	37.23734	40.0	37.0	41.0	31.0	41.0
28	37.23932	40.0	37.0	41.0	31.0	41.0
29	36.84705	40.0	36.0	41.0	30.0	41.0
30	37.0568	40.0	37.0	41.0	31.0	41.0
31	36.85668	40.0	36.0	41.0	30.0	41.0
32	36.65662	40.0	36.0	41.0	30.0	41.0
33	36.75781	40.0	36.0	41.0	30.0	41.0
34	36.9336	40.0	36.0	41.0	31.0	41.0
35	36.87427	40.0	36.0	41.0	31.0	41.0
36	36.77152	40.0	36.0	41.0	31.0	41.0
37	36.43675	39.0	35.0	41.0	30.0	41.0
38	36.41378	39.0	35.0	41.0	30.0	41.0
39	34.26794	37.0	33.0	39.0	26.0	40.0
40	35.2251	38.0	34.0	40.0	28.0	40.0
41	35.66713	39.0	35.0	40.0	28.0	41.0
42	35.742	39.0	35.0	41.0	28.0	41.0
43	36.03571	39.0	35.0	41.0	30.0	41.0
44	35.84773	39.0	35.0	41.0	29.0	41.0
45	35.84768	39.0	35.0	41.0	29.0	41.0
46	35.69831	39.0	35.0	41.0	29.0	41.0
47	35.38221	38.0	35.0	41.0	28.0	41.0
48	35.17939	38.0	35.0	40.0	28.0	41.0
49	35.05061	38.0	34.0	40.0	27.0	41.0
50	34.74861	37.0	34.0	40.0	26.0	41.0
51	34.70185	37.0	34.0	40.0	27.0	41.0
52	34.55352	37.0	34.0	40.0	27.0	41.0
53	34.34525	36.0	34.0	40.0	26.0	41.0
54	34.09829	36.0	34.0	39.0	26.0	41.0
55	34.00482	36.0	34.0	39.0	26.0	41.0
56	33.70687	36.0	34.0	39.0	26.0	41.0
57	33.34247	35.0	33.0	39.0	25.0	41.0
58	33.20908	35.0	33.0	39.0	25.0	41.0
59	32.91271	35.0	33.0	38.0	24.0	40.0
60	32.5135	35.0	33.0	38.0	23.0	40.0
61	32.22788	35.0	33.0	37.0	21.0	40.0
62	31.84116	35.0	32.0	37.0	18.0	39.0
63	30.54525	34.0	30.0	36.0	2.0	39.0
>>END_MODULE
>>Per sequence quality scores	pass
#Quality	Count
2	306.0
3	81.0
4	107.0
5	100.0
6	114.0
7	161.0
8	171.0
9	162.0
10	176.0
11	171.0
12	187.0
13	238.0
14	203.0
15	211.0
16	219.0
17	240.0
18	251.0
19	271.0
20	278.0
21	360.0
22	412.0
23	494.0
24	603.0
25	620.0
26	696.0
27	913.0
28	1078.0
29	1225.0
30	1542.0
31	1961.0
32	2353.0
33	2992.0
34	3918.0
35	5009.0
36	7279.0
37	10518.0
38	15362.0
39	19913.0
40	19105.0
>>END_MODULE
>>Per base sequence content	pass
#Base	G	A	T	C
1	23.488	24.584	27.782	24.146
2	24.08	24.512999999999998	26.936	24.471
3	24.834999999999997	24.227999999999998	25.802999999999997	25.134
4	25.141000000000002	24.359	25.22	25.28
5	24.88	25.074999999999996	25.238	24.807000000000002
6	24.762999999999998	25.191999999999997	25.159	24.886
7	25.312	24.794	24.895	24.999
8	25.229000000000003	25.191999999999997	24.842	24.737000000000002
9	24.551000000000002	24.915000000000003	25.576	24.958
10	25.080000000000002	25.064999999999998	24.884999999999998	24.97
11	24.834999999999997	25.316	25.439	24.41
12	24.732000000000003	25.535999999999998	25.173000000000002	24.559
13	24.91	25.393	24.549000000000003	25.148
14	24.762999999999998	25.585	25.121	24.531
15	24.561	25.095	25.337	25.007
16	24.976000000000003	24.65	24.942	25.432
17	24.887999999999998	25.221	25.174999999999997	24.715999999999998
18	24.85	25.263999999999996	25.213	24.673000000000002
19	24.7	25.025	24.743000000000002	25.532
20	24.792	25.45	25.185999999999996	24.572
21	24.595	24.985	25.514	24.906
22	25.108000000000004	25.113000000000003	24.586	25.192999999999998
23	25.068	25.396	25.163000000000004	24.373
24	24.526999999999997	25.145	25.022	25.306
25	25.008999999999997	24.853	24.882	25.256
26	24.776999999999997	25.351000000000003	25.251	24.621000000000002
27	24.612000000000002	24.903	25.435000000000002	25.05
28	25.214	24.614	24.955	25.217
29	24.911	25.329	25.345000000000002	24.415
30	24.483	25.283	25.358000000000004	24.876
31	24.978	24.967	24.844	25.211
32	24.825	25.151	25.394	24.63
33	24.776	25.158	25.28	24.786
34	24.765	25.268	24.926000000000002	25.041000000000004
35	25.018	25.016	25.329	24.637
36	24.839	24.908	25.462	24.791
37	24.999	24.878	24.941	25.182
38	24.947	25.224999999999998	25.165	24.663
39	24.677	25.047000000000004	25.369999999999997	24.906
40	25.155	24.95	24.863	25.032
41	24.97	25.263999999999996	25.31	24.456
42	24.515	25.158	25.342	24.985
43	24.826999999999998	25.1	25.045	25.028
44	24.988	25.252999999999997	25.156	24.603
45	24.563	25.008000000000003	25.372	25.057000000000002
46	24.951999999999998	24.871	25.209	24.968
47	24.911	25.480000000000004	25.078	24.531
48	24.792	25.055	25.369999999999997	24.783
49	25.094	25.162000000000003	24.829	24.915000000000003
50	24.568	25.41	25.104	24.918000000000003
51	24.272	25.313999999999997	25.477	24.937
52	25.098	24.881	24.987000000000002	25.034
53	24.95	25.380000000000003	25.019000000000002	24.651
54	24.623	25.391000000000002	25.324	24.662
55	25.056	24.951	25.002000000000002	24.991
56	24.853	25.599	25.024	24.524
57	24.667	25.457	25.276	24.6
58	24.926000000000002	24.984	24.951	25.139
59	25.024	25.471	25.058000000000003	24.447
60	24.797	25.180999999999997	25.284000000000002	24.738
61	24.798000000000002	25.397	24.721	25.084
62	24.648999999999997	25.424999999999997	25.263	24.663
63	24.843	25.178	25.289	24.69
>>END_MODULE
>>Per base GC content	pass
#Base	%GC
1	47.634
2	48.551
3	49.969
4	50.42100000000001
5	49.687
6	49.649
7	50.31099999999999
8	49.966
9	49.509
10	50.05
11	49.245
12	49.291000000000004
13	50.058
14	49.294
15	49.568
16	50.407999999999994
17	49.604
18	49.523
19	50.232
20	49.364000000000004
21	49.501
22	50.300999999999995
23	49.441
24	49.833
25	50.265
26	49.397999999999996
27	49.662
28	50.431000000000004
29	49.326
30	49.358999999999995
31	50.18899999999999
32	49.455
33	49.562
34	49.806
35	49.655
36	49.63
37	50.181
38	49.61
39	49.583
40	50.187000000000005
41	49.425999999999995
42	49.5
43	49.855
44	49.591
45	49.62
46	49.919999999999995
47	49.442
48	49.575
49	50.009
50	49.486000000000004
51	49.209
52	50.132
53	49.601
54	49.285000000000004
55	50.047
56	49.376999999999995
57	49.267
58	50.065000000000005
59	49.471
60	49.535000000000004
61	49.882
62	49.312
63	49.533
>>END_MODULE
>>Per sequence GC content	pass
#GC Content	Count
0	0.0
1	0.0
2	0.0
3	0.0
4	1.0
5	2.0
6	1.5
7	1.5
8	2.0
9	3.5
10	5.0
11	5.0
12	7.5
13	15.0
14	20.0
15	30.5
16	41.0
17	50.5
18	97.0
19	134.0
20	164.0
21	229.5
22	265.0
23	400.5
24	536.0
25	633.0
26	813.5
27	897.0
28	1035.0
29	1360.0
30	1547.0
31	1709.5
32	1872.0
33	2064.0
34	2449.0
35	2642.0
36	2858.5
37	3291.0
38	3507.0
39	3705.0
40	4025.0
41	4147.0
42	4278.0
43	4409.0
44	4470.5
45	4734.5
46	4937.0
47	4912.0
48	4948.5
49	5010.0
50	4976.0
51	4942.0
52	4889.0
53	4769.5
54	4703.0
55	4687.5
56	4584.0
57	4496.0
58	4348.5
59	4201.0
60	4059.5
61	3776.0
62	3634.0
63	3364.0
64	2806.0
65	2518.0
66	2341.0
67	1896.0
68	1628.0
69	1432.5
70	1237.0
71	1096.5
72	815.0
73	674.0
74	588.0
75	435.0
76	368.0
77	317.5
78	267.0
79	214.0
80	127.0
81	93.0
82	77.5
83	45.5
84	29.0
85	22.5
86	16.0
87	12.0
88	9.0
89	10.0
90	8.0
91	4.0
92	2.0
93	2.0
94	1.5
95	1.0
96	0.5
97	0.0
98	0.5
99	0.5
100	0.0
>>END_MODULE
>>Per base N content	pass
#Base	N-Count
1	0.0
2	0.0
3	0.0
4	0.0
5	0.0
6	0.0
7	0.0
8	0.0
9	0.0
10	0.0
11	0.0
12	0.0
13	0.0
14	0.0
15	0.0
16	0.0
17	0.0
18	0.0
19	0.0
20	0.0
21	0.0
22	0.0
23	0.0
24	0.0
25	0.0
26	0.0
27	0.0
28	0.0
29	0.0
30	0.0
31	0.0
32	0.0
33	0.0
34	0.0
35	0.0
36	0.0
37	0.0
38	0.0
39	0.0
40	0.0
41	0.0
42	0.0
43	0.0
44	0.0
45	0.0
46	0.0
47	0.0
48	0.0
49	0.0
50	0.0
51	0.0
52	0.0
53	0.0
54	0.0
55	0.0
56	0.0
57	0.0
58	0.0
59	0.0
60	0.0
61	0.0
62	0.0
63	0.0
>>END_MODULE
>>Sequence Length Distribution	pass
#Length	Count
63	100000.0
>>END_MODULE
>>Sequence Duplication Levels	pass
#Total Duplicate Percentage	7.577075770757714
#Duplication Level	Relative count
1	100.0
2	2.75042738741858
3	0.48581506567700333
4	0.16879098050247776
5	0.048689705914176276
6	0.024885849689467877
7	0.005409967323797365
8	0.0032459803942784184
9	0.0032459803942784184
10++	0.006491960788556837
>>END_MODULE
>>Overrepresented sequences	pass
>>END_MODULE
>>Kmer Content	warn
#Sequence	Count	Obs/Exp Overall	Obs/Exp Max	Max Obs/Exp Position
AAAAA	19830	3.3321073	4.2134438	54
>>END_MODULE
