##FastQC	0.10.1
>>Basic Statistics	pass
#Measure	Value	
Filename	SRR1039516_1.fastq.gz	
File type	Conventional base calls	
Encoding	Sanger / Illumina 1.9	
Total Sequences	100000	
Filtered Sequences	0	
Sequence length	63	
%GC	49	
>>END_MODULE
>>Per base sequence quality	pass
#Base	Mean	Median	Lower Quartile	Upper Quartile	10th Percentile	90th Percentile
1	37.68762	39.0	37.0	39.0	35.0	39.0
2	39.04964	40.0	38.0	41.0	36.0	41.0
3	39.03718	40.0	38.0	41.0	36.0	41.0
4	39.02687	40.0	38.0	41.0	36.0	41.0
5	38.96278	40.0	38.0	41.0	35.0	41.0
6	38.89226	40.0	38.0	41.0	35.0	41.0
7	38.87333	40.0	38.0	41.0	35.0	41.0
8	38.76681	40.0	38.0	41.0	34.0	41.0
9	38.83892	40.0	38.0	41.0	35.0	41.0
10	38.71326	40.0	38.0	41.0	34.0	41.0
11	38.65326	40.0	38.0	41.0	34.0	41.0
12	38.75264	40.0	38.0	41.0	34.0	41.0
13	38.78075	40.0	38.0	41.0	34.0	41.0
14	38.55514	40.0	38.0	41.0	34.0	41.0
15	38.63885	40.0	38.0	41.0	34.0	41.0
16	38.57418	40.0	38.0	41.0	34.0	41.0
17	38.4755	40.0	38.0	41.0	34.0	41.0
18	38.47769	40.0	38.0	41.0	34.0	41.0
19	38.3452	40.0	38.0	41.0	34.0	41.0
20	38.455	40.0	38.0	41.0	34.0	41.0
21	38.45383	40.0	38.0	41.0	34.0	41.0
22	38.36444	40.0	38.0	41.0	34.0	41.0
23	38.32227	40.0	38.0	41.0	34.0	41.0
24	38.36724	40.0	38.0	41.0	34.0	41.0
25	38.22139	40.0	38.0	41.0	33.0	41.0
26	38.26538	40.0	38.0	41.0	33.0	41.0
27	38.12447	40.0	38.0	41.0	33.0	41.0
28	38.13354	40.0	38.0	41.0	33.0	41.0
29	38.08876	40.0	38.0	41.0	33.0	41.0
30	38.02982	40.0	38.0	41.0	33.0	41.0
31	37.91224	40.0	37.0	41.0	33.0	41.0
32	37.70908	40.0	37.0	41.0	32.0	41.0
33	37.69853	40.0	37.0	41.0	33.0	41.0
34	37.63473	40.0	37.0	41.0	33.0	41.0
35	37.41623	40.0	37.0	41.0	32.0	41.0
36	37.42008	40.0	37.0	41.0	32.0	41.0
37	37.28275	40.0	36.0	41.0	32.0	41.0
38	37.12406	40.0	36.0	41.0	31.0	41.0
39	37.11757	40.0	36.0	41.0	31.0	41.0
40	36.96888	39.0	35.0	41.0	31.0	41.0
41	36.71677	39.0	35.0	41.0	31.0	41.0
42	36.57603	39.0	35.0	41.0	30.0	41.0
43	36.58487	39.0	35.0	41.0	31.0	41.0
44	36.55168	39.0	35.0	41.0	31.0	41.0
45	36.34896	39.0	35.0	41.0	31.0	41.0
46	36.2426	39.0	35.0	41.0	30.0	41.0
47	36.07046	38.0	35.0	40.0	30.0	41.0
48	35.91717	38.0	35.0	40.0	30.0	41.0
49	35.69093	38.0	35.0	40.0	29.0	41.0
50	35.50352	37.0	35.0	40.0	29.0	41.0
51	35.30864	37.0	34.0	40.0	29.0	41.0
52	35.18683	37.0	34.0	40.0	29.0	41.0
53	35.0152	37.0	34.0	40.0	29.0	41.0
54	34.75916	36.0	34.0	39.0	29.0	41.0
55	34.5541	36.0	34.0	39.0	28.0	41.0
56	34.2819	36.0	34.0	39.0	28.0	41.0
57	33.99851	35.0	34.0	39.0	28.0	41.0
58	33.71317	35.0	33.0	39.0	27.0	40.0
59	33.47982	35.0	33.0	38.0	26.0	40.0
60	33.25431	35.0	33.0	38.0	26.0	40.0
61	32.92715	35.0	33.0	37.0	26.0	40.0
62	32.66649	35.0	33.0	37.0	26.0	39.0
63	30.732	34.0	30.0	36.0	20.0	38.0
>>END_MODULE
>>Per sequence quality scores	pass
#Quality	Count
2	11.0
3	3.0
4	7.0
5	9.0
6	22.0
7	36.0
8	59.0
9	84.0
10	75.0
11	89.0
12	99.0
13	105.0
14	108.0
15	132.0
16	152.0
17	163.0
18	192.0
19	193.0
20	226.0
21	236.0
22	270.0
23	309.0
24	419.0
25	523.0
26	659.0
27	780.0
28	946.0
29	1190.0
30	1371.0
31	1789.0
32	2308.0
33	2814.0
34	3772.0
35	4939.0
36	7141.0
37	10888.0
38	15843.0
39	21558.0
40	20480.0
>>END_MODULE
>>Per base sequence content	pass
#Base	G	A	T	C
1	23.243	24.989	27.860000000000003	23.907999999999998
2	23.473	25.002999999999997	27.133000000000003	24.391
3	24.349	24.787	26.017000000000003	24.847
4	24.991	24.917	25.230000000000004	24.862000000000002
5	24.832	25.163000000000004	25.283	24.722
6	24.378	25.206	25.240000000000002	25.176
7	24.648	25.093	24.986	25.273
8	24.675	25.399	24.997	24.929000000000002
9	24.606	25.095	25.635	24.664
10	24.892	25.291000000000004	25.241999999999997	24.575
11	24.746000000000002	25.644	25.478	24.132
12	24.471999999999998	25.668999999999997	25.314999999999998	24.544
13	24.846	25.274	25.011	24.869
14	24.505	25.568	25.133	24.794
15	24.43	25.346000000000004	25.444	24.779999999999998
16	24.81	25.305	24.837	25.048
17	24.755	25.391000000000002	25.285999999999998	24.568
18	24.698999999999998	25.061	25.342	24.898
19	24.672	25.102000000000004	25.229000000000003	24.997
20	24.756	25.357000000000003	25.407999999999998	24.479
21	24.553	25.442999999999998	25.374999999999996	24.629
22	24.928	25.257	24.772	25.043
23	24.537	25.56	25.318	24.585
24	24.773999999999997	25.295	25.117	24.814
25	24.887999999999998	25.243	25.068	24.801000000000002
26	24.605	25.513	25.182	24.7
27	24.425	25.45	25.346999999999998	24.778
28	24.990000000000002	25.172	25.116	24.722
29	24.926000000000002	25.519	25.130999999999997	24.424
30	24.648	25.558999999999997	25.281	24.512
31	24.592	25.314999999999998	25.105	24.988
32	24.506	25.490000000000002	25.351000000000003	24.653
33	24.634	25.149	25.221	24.996
34	24.882	25.191999999999997	24.935	24.991
35	24.866	25.341	25.192999999999998	24.6
36	24.674	25.351000000000003	25.302000000000003	24.673000000000002
37	25.124999999999996	25.072	25.092	24.711
38	24.709999999999997	25.733	25.087	24.47
39	24.467	25.202	25.752999999999997	24.578
40	24.945	25.076999999999998	24.831	25.147000000000002
41	24.482	25.377	25.333	24.808
42	24.435000000000002	25.165	25.354	25.046000000000003
43	24.983	24.989	25.013	25.014999999999997
44	24.632	25.158	25.430000000000003	24.779999999999998
45	24.282	25.102000000000004	25.679999999999996	24.936
46	24.694	25.087	25.446	24.773
47	24.695	25.326999999999998	25.314999999999998	24.663
48	24.412	25.213	25.455	24.92
49	24.721	25.332	25.14	24.807000000000002
50	24.654999999999998	25.516	25.226	24.603
51	24.538	25.496999999999996	25.311	24.654
52	24.788	25.169000000000004	25.091	24.951999999999998
53	24.68	25.595000000000002	25.344	24.381
54	24.718	25.296999999999997	25.214	24.771
55	25.104	25.456	24.82	24.62
56	24.865000000000002	25.787	25.102999999999998	24.245
57	24.532999999999998	25.814999999999998	25.224999999999998	24.427
58	24.865000000000002	25.318	25.069000000000003	24.748
59	24.924	25.44	25.127	24.509
60	24.607	25.513	25.219	24.661
61	24.784	25.692999999999998	24.593	24.93
62	24.691	25.546000000000003	25.209	24.554000000000002
63	24.966	25.384	24.897	24.753
>>END_MODULE
>>Per base GC content	pass
#Base	%GC
1	47.150999999999996
2	47.864000000000004
3	49.196
4	49.852999999999994
5	49.553999999999995
6	49.553999999999995
7	49.921
8	49.604
9	49.27
10	49.467
11	48.878
12	49.016
13	49.714999999999996
14	49.299
15	49.21
16	49.858000000000004
17	49.323
18	49.597
19	49.669000000000004
20	49.235
21	49.181999999999995
22	49.971
23	49.122
24	49.588
25	49.689
26	49.305
27	49.203
28	49.712
29	49.35
30	49.16
31	49.58
32	49.159000000000006
33	49.63
34	49.873
35	49.466
36	49.347
37	49.836000000000006
38	49.18
39	49.045
40	50.092000000000006
41	49.29
42	49.481
43	49.998
44	49.412
45	49.218
46	49.467
47	49.358000000000004
48	49.332
49	49.528
50	49.258
51	49.192
52	49.74
53	49.061
54	49.489
55	49.724000000000004
56	49.11
57	48.96
58	49.613
59	49.433
60	49.268
61	49.714000000000006
62	49.245
63	49.719
>>END_MODULE
>>Per sequence GC content	pass
#GC Content	Count
0	1.0
1	1.0
2	0.5
3	0.0
4	1.0
5	2.0
6	1.5
7	2.0
8	3.0
9	3.5
10	6.5
11	9.0
12	11.0
13	16.5
14	20.0
15	29.5
16	39.0
17	51.5
18	89.0
19	114.0
20	153.5
21	250.5
22	308.0
23	358.0
24	408.0
25	528.0
26	748.0
27	848.0
28	954.0
29	1271.0
30	1482.0
31	1675.0
32	1868.0
33	2027.0
34	2411.0
35	2636.0
36	2911.0
37	3435.5
38	3685.0
39	3874.0
40	4306.0
41	4549.0
42	4656.0
43	4763.0
44	4716.0
45	4908.0
46	5147.0
47	5064.0
48	5028.5
49	5076.0
50	4960.0
51	4844.0
52	4860.0
53	4798.0
54	4720.0
55	4755.5
56	4678.5
57	4566.0
58	4389.5
59	4213.0
60	4051.5
61	3630.0
62	3370.0
63	3128.5
64	2679.5
65	2472.0
66	2258.5
67	1789.5
68	1534.0
69	1354.0
70	1174.0
71	1007.0
72	710.5
73	581.0
74	491.0
75	360.5
76	320.0
77	257.5
78	195.0
79	151.0
80	83.5
81	60.0
82	45.0
83	25.5
84	21.0
85	18.0
86	15.0
87	11.5
88	6.5
89	5.0
90	3.5
91	1.5
92	1.0
93	1.5
94	1.5
95	1.0
96	0.5
97	0.0
98	0.0
99	1.0
100	2.0
>>END_MODULE
>>Per base N content	pass
#Base	N-Count
1	0.0
2	0.0
3	0.0
4	0.0
5	0.0
6	0.0
7	0.0
8	0.0
9	0.0
10	0.0
11	0.0
12	0.0
13	0.0
14	0.0
15	0.0
16	0.0
17	0.0
18	0.0
19	0.0
20	0.0
21	0.0
22	0.0
23	0.0
24	0.0
25	0.0
26	0.0
27	0.0
28	0.0
29	0.0
30	0.0
31	0.0
32	0.0
33	0.0
34	0.0
35	0.0
36	0.0
37	0.0
38	0.0
39	0.0
40	0.0
41	0.0
42	0.0
43	0.0
44	0.0
45	0.0
46	0.0
47	0.0
48	0.0
49	0.0
50	0.0
51	0.0
52	0.0
53	0.0
54	0.0
55	0.0
56	0.0
57	0.0
58	0.0
59	0.0
60	0.0
61	0.0
62	0.0
63	0.0
>>END_MODULE
>>Sequence Length Distribution	pass
#Length	Count
63	100000.0
>>END_MODULE
>>Sequence Duplication Levels	pass
#Total Duplicate Percentage	9.88
#Duplication Level	Relative count
1	100.0
2	3.151353750554816
3	0.6491344873501997
4	0.20639147802929428
5	0.10763426542387927
6	0.05659121171770972
7	0.03550821127385708
8	0.024411895250776743
9	0.00887705281846427
10++	0.025521526853084776
>>END_MODULE
>>Overrepresented sequences	pass
>>END_MODULE
>>Kmer Content	warn
#Sequence	Count	Obs/Exp Overall	Obs/Exp Max	Max Obs/Exp Position
AAAAA	19175	3.1676724	5.7992773	56
>>END_MODULE
