##FastQC	0.10.1
>>Basic Statistics	pass
#Measure	Value	
Filename	SRR1039508_1.fastq.gz	
File type	Conventional base calls	
Encoding	Sanger / Illumina 1.9	
Total Sequences	100000	
Filtered Sequences	0	
Sequence length	63	
%GC	50	
>>END_MODULE
>>Per base sequence quality	pass
#Base	Mean	Median	Lower Quartile	Upper Quartile	10th Percentile	90th Percentile
1	38.32824	39.0	39.0	39.0	37.0	39.0
2	40.08684	41.0	40.0	41.0	38.0	41.0
3	40.22091	41.0	40.0	41.0	39.0	41.0
4	40.098	41.0	40.0	41.0	38.0	41.0
5	40.21497	41.0	40.0	41.0	38.0	41.0
6	40.27388	41.0	40.0	41.0	39.0	41.0
7	40.21938	41.0	40.0	41.0	39.0	41.0
8	40.18622	41.0	40.0	41.0	39.0	41.0
9	40.22356	41.0	40.0	41.0	39.0	41.0
10	40.02345	41.0	40.0	41.0	38.0	41.0
11	40.14775	41.0	40.0	41.0	39.0	41.0
12	40.05978	41.0	40.0	41.0	38.0	41.0
13	40.09776	41.0	40.0	41.0	38.0	41.0
14	39.56953	41.0	40.0	41.0	37.0	41.0
15	39.74415	41.0	40.0	41.0	38.0	41.0
16	39.7451	41.0	40.0	41.0	38.0	41.0
17	39.54613	41.0	40.0	41.0	37.0	41.0
18	39.60358	41.0	40.0	41.0	38.0	41.0
19	39.65735	41.0	40.0	41.0	38.0	41.0
20	39.37555	41.0	40.0	41.0	37.0	41.0
21	39.31771	41.0	39.0	41.0	37.0	41.0
22	39.38413	41.0	40.0	41.0	37.0	41.0
23	38.97726	41.0	39.0	41.0	36.0	41.0
24	39.18198	41.0	39.0	41.0	36.0	41.0
25	39.32391	41.0	39.0	41.0	37.0	41.0
26	39.42561	41.0	40.0	41.0	37.0	41.0
27	39.3397	41.0	39.0	41.0	36.0	41.0
28	39.30086	41.0	39.0	41.0	36.0	41.0
29	38.75139	40.0	39.0	41.0	35.0	41.0
30	39.00668	40.0	39.0	41.0	35.0	41.0
31	39.12631	41.0	39.0	41.0	35.0	41.0
32	38.95835	40.0	39.0	41.0	35.0	41.0
33	38.66868	40.0	38.0	41.0	35.0	41.0
34	38.68291	40.0	38.0	41.0	35.0	41.0
35	38.70551	40.0	38.0	41.0	35.0	41.0
36	38.75233	40.0	38.0	41.0	35.0	41.0
37	38.63839	40.0	38.0	41.0	35.0	41.0
38	38.60482	40.0	38.0	41.0	35.0	41.0
39	38.71074	40.0	38.0	41.0	35.0	41.0
40	38.70307	41.0	38.0	41.0	35.0	41.0
41	38.59602	40.0	37.0	41.0	35.0	41.0
42	38.32146	40.0	37.0	41.0	35.0	41.0
43	38.36634	40.0	37.0	41.0	35.0	41.0
44	37.89582	40.0	36.0	41.0	34.0	41.0
45	38.00699	40.0	36.0	41.0	34.0	41.0
46	37.90484	40.0	36.0	41.0	34.0	41.0
47	37.80029	39.0	36.0	41.0	34.0	41.0
48	36.57865	39.0	35.0	41.0	31.0	41.0
49	37.08215	39.0	35.0	41.0	33.0	41.0
50	37.24138	39.0	35.0	41.0	33.0	41.0
51	37.03423	39.0	35.0	41.0	33.0	41.0
52	36.74349	38.0	35.0	41.0	33.0	41.0
53	36.50138	37.0	35.0	40.0	33.0	41.0
54	36.5515	37.0	35.0	40.0	33.0	41.0
55	36.49177	37.0	35.0	40.0	33.0	41.0
56	36.34223	37.0	35.0	40.0	33.0	41.0
57	36.21803	36.0	35.0	39.0	33.0	41.0
58	36.01626	36.0	35.0	39.0	33.0	41.0
59	35.76087	36.0	35.0	39.0	33.0	41.0
60	35.34873	36.0	35.0	39.0	33.0	41.0
61	33.16554	35.0	33.0	37.0	26.0	40.0
62	33.79801	35.0	34.0	37.0	29.0	39.0
63	33.33055	35.0	33.0	37.0	29.0	39.0
>>END_MODULE
>>Per sequence quality scores	pass
#Quality	Count
2	2.0
3	3.0
4	5.0
5	12.0
6	12.0
7	18.0
8	18.0
9	39.0
10	27.0
11	35.0
12	47.0
13	45.0
14	54.0
15	41.0
16	66.0
17	68.0
18	59.0
19	64.0
20	77.0
21	76.0
22	81.0
23	110.0
24	122.0
25	136.0
26	198.0
27	240.0
28	323.0
29	490.0
30	573.0
31	746.0
32	1004.0
33	1376.0
34	2009.0
35	3234.0
36	5621.0
37	10245.0
38	16852.0
39	25017.0
40	30855.0
>>END_MODULE
>>Per base sequence content	pass
#Base	G	A	T	C
1	22.837	23.474	28.707	24.982
2	24.117	23.258000000000003	26.962999999999997	25.662000000000003
3	24.608	24.193	25.343	25.856
4	24.973	24.038999999999998	25.118000000000002	25.869999999999997
5	25.167	24.556	24.64	25.637
6	25.067	24.489	24.756	25.688
7	24.964	24.485	24.75	25.801000000000002
8	25.219530734302804	24.487428239953594	25.0355049706959	25.25753605504771
9	25.057000000000002	24.739	25.020999999999997	25.183
10	25.046000000000003	25.249	24.7	25.005
11	25.092	25.324999999999996	24.612000000000002	24.971
12	24.94	25.214	24.737000000000002	25.108999999999998
13	25.147000000000002	25.112000000000002	24.795	24.945999999999998
14	25.122	25.214	24.272	25.392
15	24.782556415086777	25.03507154595375	24.63425387791094	25.54811816104854
16	24.971929261739582	25.014035369130212	24.685206720936762	25.328828648193447
17	25.515650080256826	24.571629213483146	24.713081861958266	25.199638844301763
18	24.909718321162025	24.796364657732127	25.523633737260255	24.770283283845597
19	24.784480595726745	24.928996517567718	24.923978603614906	25.36254428309063
20	24.726641654796058	25.48803242180447	24.832975543205666	24.952350380193806
21	24.682643136468467	25.191015742504764	24.76285972124737	25.363481399779403
22	25.081079995582016	24.735674193969455	24.624220577751448	25.559025232697074
23	25.38950029595	24.94106080518464	24.775529449533	24.89390944933236
24	24.735159405474207	25.4748088236768	24.718121410745965	25.07191036010303
25	25.170571640088834	24.78240861161688	25.02851197502951	25.01850777326477
26	25.323	24.68	24.998	24.999
27	24.791	24.634	25.380000000000003	25.195
28	25.128	24.865000000000002	24.622	25.385
29	24.941	24.782	25.148	25.129
30	24.748	24.624	25.201	25.427
31	24.938	24.656	25.039	25.367
32	24.954	24.901	24.971	25.174000000000003
33	25.15	24.869	24.901	25.080000000000002
34	24.925	24.847	25.079	25.149
35	24.939	25.033	24.873	25.155
36	24.712	25.002000000000002	25.183	25.102999999999998
37	25.279	24.743000000000002	24.852	25.125999999999998
38	25.158	24.782	24.799	25.261
39	24.853	24.667	24.897	25.583
40	24.994	25.061	24.775	25.169999999999998
41	25.034	24.89	25.235000000000003	24.840999999999998
42	24.613	24.761	25.146	25.480000000000004
43	24.982	24.587999999999997	25.380999999999997	25.049
44	25.087	24.823999999999998	25.302999999999997	24.786
45	24.892	24.864	25.1	25.144
46	25.067	24.692	25.234	25.007
47	25.484	24.956999999999997	25.043	24.516
48	24.764	24.741	25.136999999999997	25.358000000000004
49	24.892	24.605	25.099	25.404
50	24.664632621417496	24.92672435352373	25.185815035262344	25.222827989796432
51	24.864	25.165	25.21	24.761
52	25.460073611777883	25.001000160025605	24.764962393983037	24.773963834213475
53	25.074	25.271	24.785	24.87
54	24.837999999999997	25.585	25.055	24.522
55	24.826	25.496000000000002	24.867	24.811
56	25.001	25.275	24.968	24.756
57	24.562	25.552000000000003	25.257	24.629
58	24.66	25.487	25.005	24.848
59	25.139	25.496000000000002	24.512	24.853
60	24.833	25.441000000000003	24.744	24.982
61	25.201	24.996	24.868000000000002	24.935
62	24.993000000000002	25.417	24.77	24.82
63	24.801000000000002	25.330000000000002	25.073	24.796000000000003
>>END_MODULE
>>Per base GC content	pass
#Base	%GC
1	47.819
2	49.779
3	50.464
4	50.843
5	50.804
6	50.754999999999995
7	50.76500000000001
8	50.47706678935051
9	50.239999999999995
10	50.051
11	50.063
12	50.049
13	50.092999999999996
14	50.514
15	50.330674576135316
16	50.30075790993303
17	50.715288924558585
18	49.680001605007625
19	50.14702487881738
20	49.67899203498987
21	50.04612453624787
22	50.6401052282791
23	50.283409745282356
24	49.80706976557724
25	50.18907941335361
26	50.322
27	49.986000000000004
28	50.513
29	50.07
30	50.175000000000004
31	50.305
32	50.12799999999999
33	50.23
34	50.074
35	50.09400000000001
36	49.815
37	50.405
38	50.419000000000004
39	50.436
40	50.163999999999994
41	49.875
42	50.092999999999996
43	50.031000000000006
44	49.873
45	50.036
46	50.074
47	50.0
48	50.122
49	50.296
50	49.887460611213925
51	49.625
52	50.23403744599136
53	49.944
54	49.36
55	49.637
56	49.757
57	49.191
58	49.508
59	49.992
60	49.815
61	50.136
62	49.813
63	49.597
>>END_MODULE
>>Per sequence GC content	pass
#GC Content	Count
0	2.0
1	1.5
2	0.5
3	0.0
4	0.0
5	0.0
6	0.0
7	0.5
8	1.0
9	0.5
10	1.5
11	3.0
12	5.0
13	13.0
14	19.0
15	27.0
16	35.0
17	50.0
18	86.5
19	108.0
20	151.5
21	239.5
22	284.0
23	389.0
24	494.0
25	586.0
26	809.5
27	941.0
28	1046.0
29	1317.0
30	1483.0
31	1603.0
32	1723.0
33	1892.0
34	2244.0
35	2427.0
36	2688.0
37	3086.0
38	3223.0
39	3488.0
40	3946.5
41	4140.0
42	4320.0
43	4500.0
44	4472.0
45	4548.0
46	4652.0
47	4715.5
48	4868.5
49	4958.0
50	4901.0
51	4844.0
52	4882.0
53	4949.0
54	4978.0
55	4864.0
56	4718.5
57	4687.0
58	4572.0
59	4457.0
60	4270.5
61	3904.0
62	3724.0
63	3525.5
64	3029.0
65	2731.0
66	2491.0
67	2031.5
68	1812.0
69	1557.5
70	1303.0
71	1131.0
72	828.0
73	697.0
74	577.5
75	422.0
76	386.0
77	298.5
78	211.0
79	180.0
80	117.5
81	86.0
82	71.0
83	42.5
84	29.0
85	20.5
86	12.0
87	8.0
88	3.0
89	2.0
90	4.0
91	3.5
92	1.0
93	0.5
94	0.0
95	0.0
96	0.0
97	0.0
98	0.0
99	0.0
100	0.0
>>END_MODULE
>>Per base N content	pass
#Base	N-Count
1	0.0
2	0.0
3	0.0
4	0.0
5	0.0
6	0.0
7	0.0
8	0.013999999999999999
9	0.0
10	0.0
11	0.0
12	0.0
13	0.0
14	0.0
15	0.20400000000000001
16	0.252
17	0.32
18	0.312
19	0.357
20	0.314
21	0.27
22	0.407
23	0.321
24	0.22300000000000003
25	0.042
26	0.0
27	0.0
28	0.0
29	0.0
30	0.0
31	0.0
32	0.0
33	0.0
34	0.0
35	0.0
36	0.0
37	0.0
38	0.0
39	0.0
40	0.0
41	0.0
42	0.0
43	0.0
44	0.0
45	0.0
46	0.0
47	0.0
48	0.0
49	0.0
50	0.034999999999999996
51	0.0
52	0.016
53	0.0
54	0.0
55	0.0
56	0.0
57	0.0
58	0.0
59	0.0
60	0.0
61	0.0
62	0.0
63	0.0
>>END_MODULE
>>Sequence Length Distribution	pass
#Length	Count
63	100000.0
>>END_MODULE
>>Sequence Duplication Levels	pass
#Total Duplicate Percentage	8.051
#Duplication Level	Relative count
1	100.0
2	2.8624563616787566
3	0.48940173356969624
4	0.1381200448074476
5	0.05329041098870026
6	0.02718898519831646
7	0.011963153487259242
8	0.0076129158555286085
9	0.003262678223797975
10++	0.010875594079326584
>>END_MODULE
>>Overrepresented sequences	warn
#Sequence	Count	Percentage	Possible Source
ACACGTCTGAACTCCAGTCACCGATGTATCTCGTATGCCGTCTTCTGCTTGAAAAAAAAAAAA	212	0.212	TruSeq Adapter, Index 2 (100% over 51bp)
>>END_MODULE
>>Kmer Content	warn
#Sequence	Count	Obs/Exp Overall	Obs/Exp Max	Max Obs/Exp Position
AAAAA	20145	3.5094042	7.54867	53
TCCAG	13910	2.4156337	6.262485	13
CTTCT	13760	2.3777707	6.1634502	42
TCTTC	13485	2.3302495	5.8578243	41
CTGCT	13315	2.307268	5.1079164	45
CTCCA	12835	2.225897	5.481967	12
TTCTG	11395	1.97179	5.6108155	43
TCTGA	8855	1.5356138	5.0617704	6
TCACC	8480	1.4706355	5.029436	18
>>END_MODULE
