##FastQC	0.10.1
>>Basic Statistics	pass
#Measure	Value	
Filename	SRR1039512_1.fastq.gz	
File type	Conventional base calls	
Encoding	Sanger / Illumina 1.9	
Total Sequences	100000	
Filtered Sequences	0	
Sequence length	63	
%GC	49	
>>END_MODULE
>>Per base sequence quality	pass
#Base	Mean	Median	Lower Quartile	Upper Quartile	10th Percentile	90th Percentile
1	38.53751	39.0	39.0	39.0	37.0	39.0
2	40.23466	41.0	40.0	41.0	39.0	41.0
3	40.15717	41.0	40.0	41.0	38.0	41.0
4	40.15789	41.0	40.0	41.0	38.0	41.0
5	40.12855	41.0	40.0	41.0	38.0	41.0
6	40.0561	41.0	40.0	41.0	38.0	41.0
7	39.99143	41.0	40.0	41.0	38.0	41.0
8	39.85524	41.0	40.0	41.0	38.0	41.0
9	39.87464	41.0	40.0	41.0	38.0	41.0
10	39.85688	41.0	40.0	41.0	38.0	41.0
11	39.51448	41.0	40.0	41.0	37.0	41.0
12	39.84216	41.0	40.0	41.0	38.0	41.0
13	39.75435	41.0	40.0	41.0	38.0	41.0
14	39.79038	41.0	40.0	41.0	38.0	41.0
15	39.73673	41.0	40.0	41.0	38.0	41.0
16	39.66951	41.0	40.0	41.0	38.0	41.0
17	39.61746	41.0	40.0	41.0	37.0	41.0
18	39.5366	41.0	40.0	41.0	37.0	41.0
19	39.50606	41.0	40.0	41.0	37.0	41.0
20	39.68758	41.0	40.0	41.0	38.0	41.0
21	39.74933	41.0	40.0	41.0	38.0	41.0
22	39.66322	41.0	40.0	41.0	38.0	41.0
23	39.68251	41.0	40.0	41.0	38.0	41.0
24	39.62608	41.0	40.0	41.0	37.0	41.0
25	39.21988	41.0	40.0	41.0	36.0	41.0
26	39.32429	41.0	40.0	41.0	36.0	41.0
27	39.38206	41.0	40.0	41.0	36.0	41.0
28	39.37446	41.0	40.0	41.0	36.0	41.0
29	39.32613	41.0	40.0	41.0	36.0	41.0
30	39.00786	41.0	39.0	41.0	35.0	41.0
31	39.10922	41.0	39.0	41.0	35.0	41.0
32	38.99989	41.0	39.0	41.0	35.0	41.0
33	38.62357	41.0	39.0	41.0	35.0	41.0
34	38.72677	41.0	39.0	41.0	35.0	41.0
35	38.51694	41.0	38.0	41.0	35.0	41.0
36	38.54818	41.0	38.0	41.0	35.0	41.0
37	38.53894	41.0	38.0	41.0	35.0	41.0
38	38.33715	40.0	38.0	41.0	35.0	41.0
39	38.3235	40.0	38.0	41.0	35.0	41.0
40	38.24691	40.0	37.0	41.0	35.0	41.0
41	38.03907	40.0	37.0	41.0	34.0	41.0
42	37.94316	40.0	37.0	41.0	34.0	41.0
43	37.80675	40.0	37.0	41.0	34.0	41.0
44	37.62792	40.0	36.0	41.0	34.0	41.0
45	37.49847	40.0	36.0	41.0	33.0	41.0
46	36.90239	39.0	35.0	41.0	32.0	41.0
47	36.59328	39.0	35.0	41.0	31.0	41.0
48	36.68107	39.0	35.0	41.0	32.0	41.0
49	36.21914	38.0	35.0	41.0	31.0	41.0
50	36.44458	39.0	35.0	41.0	32.0	41.0
51	36.35827	38.0	35.0	40.0	32.0	41.0
52	36.30785	38.0	35.0	40.0	32.0	41.0
53	36.13717	37.0	35.0	40.0	32.0	41.0
54	35.91307	37.0	35.0	40.0	32.0	41.0
55	35.50613	37.0	35.0	40.0	31.0	41.0
56	35.18662	36.0	35.0	39.0	30.0	41.0
57	34.92441	36.0	35.0	39.0	30.0	41.0
58	34.86572	36.0	35.0	39.0	30.0	41.0
59	34.62566	36.0	35.0	39.0	30.0	41.0
60	33.66256	35.0	34.0	38.0	28.0	40.0
61	33.78397	35.0	34.0	37.0	29.0	40.0
62	33.78238	35.0	34.0	37.0	30.0	40.0
63	31.66106	34.0	31.0	36.0	24.0	38.0
>>END_MODULE
>>Per sequence quality scores	pass
#Quality	Count
2	10.0
3	4.0
4	7.0
5	10.0
6	11.0
7	41.0
8	41.0
9	54.0
10	37.0
11	67.0
12	65.0
13	87.0
14	119.0
15	95.0
16	91.0
17	101.0
18	115.0
19	135.0
20	158.0
21	168.0
22	177.0
23	202.0
24	224.0
25	269.0
26	325.0
27	385.0
28	385.0
29	547.0
30	726.0
31	828.0
32	1142.0
33	1467.0
34	2127.0
35	3172.0
36	5146.0
37	9412.0
38	16259.0
39	25901.0
40	29890.0
>>END_MODULE
>>Per base sequence content	pass
#Base	G	A	T	C
1	23.387	24.369	28.107	24.137
2	23.906	24.547	26.77	24.776999999999997
3	24.697	24.467	25.7	25.135999999999996
4	25.4	24.493000000000002	25.032	25.074999999999996
5	25.151	24.697	25.05	25.102000000000004
6	24.65	25.118000000000002	24.893	25.339
7	25.505	24.522	24.651	25.322
8	25.025	25.308000000000003	24.982	24.685000000000002
9	24.961	24.644	25.235999999999997	25.159
10	25.308000000000003	24.791	24.863	25.038
11	25.152	25.290000000000003	25.263999999999996	24.294
12	24.88	25.019000000000002	25.368000000000002	24.733
13	25.099	24.941	25.003999999999998	24.956
14	25.099	25.261	24.982	24.657999999999998
15	24.757	25.094	25.267	24.882
16	25.179546682137357	24.901474383339668	24.86846580110829	25.050513133414686
17	25.031	24.905	25.123	24.941
18	24.905	24.839	25.145	25.111
19	25.056	24.783	24.829	25.332
20	24.987000000000002	25.476	24.861	24.676000000000002
21	24.782	24.917	25.237	25.063999999999997
22	25.285999999999998	25.006	24.525	25.183
23	25.135999999999996	25.36	24.815	24.689
24	24.87	25.094	24.922	25.113999999999997
25	25.289	24.704	25.041000000000004	24.966
26	25.113999999999997	24.964	24.93	24.992
27	24.326999999999998	24.86	25.287	25.526
28	24.855	24.926000000000002	24.928	25.291000000000004
29	24.759999999999998	25.162000000000003	25.368000000000002	24.709999999999997
30	24.892	24.898999999999997	25.284000000000002	24.925
31	25.070504230253814	24.90949456967418	24.719483168990138	25.300518031081864
32	24.961	24.969	25.230999999999998	24.839
33	24.978	24.924	25.142999999999997	24.955
34	25.230999999999998	24.879	24.84	25.05
35	25.123	25.291000000000004	24.756	24.83
36	24.815	24.826999999999998	25.317	25.041000000000004
37	25.304	24.745	25.041000000000004	24.91
38	24.943	25.172	25.201	24.684
39	25.102999999999998	24.992	25.040000000000003	24.865000000000002
40	25.333	25.003999999999998	24.592	25.070999999999998
41	25.216	25.104	24.9	24.779999999999998
42	24.724	24.986	25.116	25.174000000000003
43	25.124000000000002	24.971	24.542	25.363000000000003
44	25.045	25.192999999999998	25.214	24.548000000000002
45	24.772	25.041000000000004	25.374000000000002	24.813
46	25.232	24.846	25.028	24.894
47	24.882	25.44	24.901	24.776999999999997
48	24.834	24.912	25.105	25.149
49	25.013999999999996	24.776	25.069999999999997	25.14
50	24.884999999999998	25.490000000000002	25.008000000000003	24.617
51	24.734	24.967	25.217	25.081999999999997
52	25.176	24.861	24.642	25.320999999999998
53	25.024	25.307000000000002	24.981	24.688
54	24.862000000000002	24.862000000000002	25.287	24.989
55	25.499	24.911	24.733	24.857000000000003
56	25.387999999999998	25.283	24.648999999999997	24.68
57	24.706	25.489	25.028	24.776999999999997
58	25.202999999999996	24.897	24.882	25.018
59	24.974	25.352000000000004	25.006	24.668
60	24.814	25.129	25.377	24.68
61	25.253999999999998	25.151	24.667	24.928
62	25.314999999999998	25.056	25.05	24.579
63	25.113999999999997	24.812	25.028	25.046000000000003
>>END_MODULE
>>Per base GC content	pass
#Base	%GC
1	47.524
2	48.683
3	49.833
4	50.475
5	50.253
6	49.989
7	50.827
8	49.71
9	50.12
10	50.346000000000004
11	49.446
12	49.613
13	50.05500000000001
14	49.757
15	49.639
16	50.23005981555204
17	49.972
18	50.016000000000005
19	50.388
20	49.663000000000004
21	49.846000000000004
22	50.468999999999994
23	49.825
24	49.984
25	50.255
26	50.105999999999995
27	49.852999999999994
28	50.146
29	49.47
30	49.817
31	50.37102226133568
32	49.8
33	49.933
34	50.281
35	49.952999999999996
36	49.856
37	50.214000000000006
38	49.626999999999995
39	49.968
40	50.404
41	49.996
42	49.897999999999996
43	50.487
44	49.592999999999996
45	49.585
46	50.126000000000005
47	49.659
48	49.983
49	50.153999999999996
50	49.502
51	49.816
52	50.497
53	49.712
54	49.851
55	50.356
56	50.068
57	49.483
58	50.221000000000004
59	49.641999999999996
60	49.494
61	50.182
62	49.894
63	50.160000000000004
>>END_MODULE
>>Per sequence GC content	pass
#GC Content	Count
0	0.0
1	0.0
2	0.5
3	1.0
4	0.5
5	0.0
6	1.0
7	1.5
8	1.0
9	2.5
10	4.0
11	4.0
12	6.5
13	15.0
14	21.0
15	25.0
16	29.0
17	48.0
18	92.0
19	117.0
20	145.5
21	220.5
22	267.0
23	344.0
24	421.0
25	511.5
26	700.0
27	798.0
28	914.5
29	1218.5
30	1406.0
31	1572.5
32	1739.0
33	1919.5
34	2288.0
35	2476.0
36	2730.5
37	3201.5
38	3418.0
39	3647.5
40	4037.0
41	4197.0
42	4344.0
43	4491.0
44	4561.0
45	4730.5
46	4830.0
47	4863.5
48	5042.5
49	5188.0
50	5080.5
51	4973.0
52	5015.0
53	5056.5
54	5056.0
55	4915.0
56	4746.0
57	4718.0
58	4510.5
59	4303.0
60	4181.5
61	3833.5
62	3607.0
63	3392.5
64	2905.5
65	2633.0
66	2372.5
67	1871.5
68	1631.0
69	1435.5
70	1240.0
71	1050.0
72	737.0
73	614.0
74	541.0
75	406.5
76	345.0
77	280.5
78	216.0
79	187.0
80	127.5
81	97.0
82	71.5
83	36.0
84	26.0
85	23.5
86	21.0
87	14.5
88	6.0
89	4.0
90	4.5
91	3.0
92	1.0
93	1.5
94	2.0
95	2.0
96	1.0
97	0.0
98	1.0
99	1.0
100	0.0
>>END_MODULE
>>Per base N content	pass
#Base	N-Count
1	0.0
2	0.0
3	0.0
4	0.0
5	0.0
6	0.0
7	0.0
8	0.0
9	0.0
10	0.0
11	0.0
12	0.0
13	0.0
14	0.0
15	0.0
16	0.026
17	0.0
18	0.0
19	0.0
20	0.0
21	0.0
22	0.0
23	0.0
24	0.0
25	0.0
26	0.0
27	0.0
28	0.0
29	0.0
30	0.0
31	0.006
32	0.0
33	0.0
34	0.0
35	0.0
36	0.0
37	0.0
38	0.0
39	0.0
40	0.0
41	0.0
42	0.0
43	0.0
44	0.0
45	0.0
46	0.0
47	0.0
48	0.0
49	0.0
50	0.0
51	0.0
52	0.0
53	0.0
54	0.0
55	0.0
56	0.0
57	0.0
58	0.0
59	0.0
60	0.0
61	0.0
62	0.0
63	0.0
>>END_MODULE
>>Sequence Length Distribution	pass
#Length	Count
63	100000.0
>>END_MODULE
>>Sequence Duplication Levels	pass
#Total Duplicate Percentage	9.405
#Duplication Level	Relative count
1	100.0
2	3.204371102157956
3	0.6413157459020917
4	0.20972459848777528
5	0.086097466747613
6	0.03863347866880071
7	0.028699155582537668
8	0.012141950438765937
9	0.007726695733760142
10++	0.013245764115017385
>>END_MODULE
>>Overrepresented sequences	pass
>>END_MODULE
>>Kmer Content	pass
>>END_MODULE
