##FastQC	0.10.1
>>Basic Statistics	pass
#Measure	Value	
Filename	SRR1039517_1.fastq.gz	
File type	Conventional base calls	
Encoding	Sanger / Illumina 1.9	
Total Sequences	100000	
Filtered Sequences	0	
Sequence length	63	
%GC	49	
>>END_MODULE
>>Per base sequence quality	pass
#Base	Mean	Median	Lower Quartile	Upper Quartile	10th Percentile	90th Percentile
1	37.698	39.0	37.0	39.0	35.0	39.0
2	39.1816	41.0	39.0	41.0	36.0	41.0
3	39.06151	40.0	38.0	41.0	36.0	41.0
4	39.12516	40.0	38.0	41.0	36.0	41.0
5	38.95201	40.0	38.0	41.0	35.0	41.0
6	38.81096	40.0	38.0	41.0	35.0	41.0
7	38.80952	40.0	38.0	41.0	34.0	41.0
8	38.64952	40.0	38.0	41.0	34.0	41.0
9	38.59312	40.0	38.0	41.0	34.0	41.0
10	38.64922	40.0	38.0	41.0	34.0	41.0
11	38.37932	40.0	38.0	41.0	34.0	41.0
12	38.56445	40.0	38.0	41.0	34.0	41.0
13	38.51304	40.0	38.0	41.0	34.0	41.0
14	38.37917	40.0	38.0	41.0	34.0	41.0
15	38.4231	40.0	38.0	41.0	34.0	41.0
16	38.37193	40.0	38.0	41.0	34.0	41.0
17	38.25241	40.0	38.0	41.0	33.0	41.0
18	38.03394	40.0	38.0	41.0	33.0	41.0
19	38.16885	40.0	38.0	41.0	33.0	41.0
20	38.16792	40.0	38.0	41.0	33.0	41.0
21	38.32934	40.0	38.0	41.0	34.0	41.0
22	38.10317	40.0	38.0	41.0	33.0	41.0
23	38.08238	40.0	38.0	41.0	33.0	41.0
24	38.17769	40.0	38.0	41.0	33.0	41.0
25	37.99598	40.0	38.0	41.0	33.0	41.0
26	38.00123	40.0	38.0	41.0	33.0	41.0
27	37.98975	40.0	38.0	41.0	33.0	41.0
28	37.89283	40.0	37.0	41.0	33.0	41.0
29	37.66976	40.0	37.0	41.0	32.0	41.0
30	37.74846	40.0	37.0	41.0	33.0	41.0
31	37.51671	40.0	37.0	41.0	32.0	41.0
32	37.34044	40.0	37.0	41.0	31.0	41.0
33	37.44898	40.0	37.0	41.0	32.0	41.0
34	37.26233	40.0	36.0	41.0	31.0	41.0
35	37.07941	40.0	36.0	41.0	31.0	41.0
36	36.96778	40.0	36.0	41.0	31.0	41.0
37	36.84939	39.0	36.0	41.0	31.0	41.0
38	36.85971	39.0	35.0	41.0	31.0	41.0
39	36.44359	39.0	35.0	41.0	30.0	41.0
40	36.29227	39.0	35.0	41.0	29.0	41.0
41	36.37717	39.0	35.0	41.0	30.0	41.0
42	36.33542	39.0	35.0	41.0	30.0	41.0
43	36.35432	39.0	35.0	41.0	30.0	41.0
44	36.12428	39.0	35.0	41.0	30.0	41.0
45	36.00991	38.0	35.0	40.0	30.0	41.0
46	35.80469	38.0	35.0	40.0	29.0	41.0
47	35.69124	38.0	35.0	40.0	29.0	41.0
48	35.53178	38.0	34.0	40.0	29.0	41.0
49	35.26279	37.0	34.0	40.0	28.0	41.0
50	35.26	37.0	34.0	40.0	29.0	41.0
51	35.16716	37.0	34.0	40.0	29.0	41.0
52	34.81614	37.0	34.0	40.0	28.0	41.0
53	34.58793	36.0	34.0	40.0	28.0	41.0
54	34.44169	36.0	34.0	39.0	28.0	41.0
55	34.23205	36.0	34.0	39.0	28.0	41.0
56	33.8439	36.0	33.0	39.0	26.0	41.0
57	33.40494	35.0	33.0	39.0	26.0	40.0
58	33.08629	35.0	33.0	38.0	25.0	40.0
59	32.97566	35.0	33.0	38.0	26.0	40.0
60	32.65984	35.0	33.0	37.0	25.0	40.0
61	32.34114	35.0	33.0	37.0	24.0	40.0
62	32.07042	35.0	32.0	37.0	23.0	39.0
63	30.20217	34.0	30.0	36.0	16.0	38.0
>>END_MODULE
>>Per sequence quality scores	pass
#Quality	Count
2	7.0
3	5.0
4	9.0
5	16.0
6	31.0
7	43.0
8	62.0
9	91.0
10	86.0
11	111.0
12	111.0
13	126.0
14	122.0
15	150.0
16	182.0
17	168.0
18	228.0
19	231.0
20	244.0
21	298.0
22	379.0
23	389.0
24	495.0
25	560.0
26	741.0
27	859.0
28	1062.0
29	1288.0
30	1626.0
31	1967.0
32	2430.0
33	3086.0
34	4136.0
35	5315.0
36	7621.0
37	11050.0
38	15554.0
39	20814.0
40	18307.0
>>END_MODULE
>>Per base sequence content	pass
#Base	G	A	T	C
1	23.253	24.549000000000003	28.315	23.883
2	24.032	24.369	26.97	24.629
3	24.519	24.694	25.589000000000002	25.197999999999997
4	25.232	24.449	25.468000000000004	24.851
5	25.341	24.657	25.101000000000003	24.901
6	24.840999999999998	24.97	24.988	25.201
7	24.978	24.781	25.044	25.197000000000003
8	24.962	25.424999999999997	24.875	24.738
9	24.781	24.925	25.441999999999997	24.852
10	24.898	25.016	25.245	24.840999999999998
11	25.070999999999998	25.185999999999996	25.056	24.687
12	24.562	25.572	25.326999999999998	24.539
13	25.214	25.165	24.715	24.906
14	24.788	25.563000000000002	24.942	24.707
15	24.478	25.238	25.290000000000003	24.994
16	25.011	25.06	24.799	25.130000000000003
17	25.014999999999997	25.318	25.095	24.572
18	25.037	25.305	24.816	24.842
19	24.851	25.122	25.089	24.938
20	24.941	25.389	24.893	24.776999999999997
21	24.621000000000002	25.245	25.465	24.669
22	25.368000000000002	24.974	24.701	24.956999999999997
23	25.14	25.419999999999998	24.88	24.560000000000002
24	24.909	25.251	25.039	24.801000000000002
25	25.15	25.035	24.89	24.925
26	24.928	25.346999999999998	25.112000000000002	24.613
27	24.736	25.208000000000002	25.348	24.708
28	25.276	24.967	24.948999999999998	24.808
29	25.180999999999997	25.22	25.215	24.384
30	24.861	25.192999999999998	25.283	24.663
31	25.024	25.104	24.986	24.886
32	25.087	25.081999999999997	25.139	24.692
33	24.666	24.947	25.407000000000004	24.98
34	24.862000000000002	25.022	24.972	25.144
35	24.992	25.367	25.055	24.586
36	24.451999999999998	25.295	25.368000000000002	24.884999999999998
37	25.289	24.956999999999997	24.909	24.845
38	25.106	25.045	25.176	24.673000000000002
39	24.703	25.241999999999997	25.380999999999997	24.674
40	25.209	24.913	24.913	24.965
41	24.959	25.058000000000003	25.281	24.701999999999998
42	24.501	25.191000000000003	25.2	25.108000000000004
43	24.829	25.06	25.151	24.959999999999997
44	24.869	25.285000000000004	25.237	24.609
45	24.866	24.836	25.240000000000002	25.058000000000003
46	25.002999999999997	25.202999999999996	24.989	24.805
47	25.049	25.201	25.06	24.69
48	24.791	25.36	24.993000000000002	24.856
49	25.047000000000004	25.27	24.914	24.769
50	24.504	25.346999999999998	25.246000000000002	24.903
51	24.565	25.130999999999997	25.602999999999998	24.701
52	25.057000000000002	25.112000000000002	24.912	24.919
53	25.039	25.465	25.081999999999997	24.413999999999998
54	24.93	25.102999999999998	25.189	24.778
55	25.178	25.116	25.016	24.69
56	25.113999999999997	25.313999999999997	25.032	24.54
57	24.582	25.377	25.025	25.016
58	24.872	25.027	25.19	24.911
59	24.644	25.36	25.09	24.906
60	24.689	25.330000000000002	25.227	24.754
61	25.135999999999996	25.247000000000003	24.825	24.792
62	24.901999999999997	25.223000000000003	25.122	24.753
63	25.068	25.326999999999998	24.942	24.663
>>END_MODULE
>>Per base GC content	pass
#Base	%GC
1	47.136
2	48.661
3	49.717
4	50.083
5	50.242
6	50.041999999999994
7	50.175000000000004
8	49.7
9	49.633
10	49.739
11	49.758
12	49.101
13	50.12
14	49.495
15	49.472
16	50.141000000000005
17	49.586999999999996
18	49.879
19	49.789
20	49.718
21	49.29
22	50.324999999999996
23	49.7
24	49.71
25	50.075
26	49.541000000000004
27	49.444
28	50.083999999999996
29	49.565
30	49.524
31	49.91
32	49.779
33	49.646
34	50.00599999999999
35	49.578
36	49.336999999999996
37	50.134
38	49.779
39	49.376999999999995
40	50.174
41	49.661
42	49.608999999999995
43	49.789
44	49.478
45	49.924
46	49.808
47	49.739
48	49.647000000000006
49	49.816
50	49.407000000000004
51	49.266
52	49.976
53	49.453
54	49.708000000000006
55	49.868
56	49.653999999999996
57	49.598
58	49.783
59	49.55
60	49.443
61	49.928
62	49.655
63	49.730999999999995
>>END_MODULE
>>Per sequence GC content	pass
#GC Content	Count
0	0.0
1	0.0
2	0.0
3	0.0
4	0.0
5	0.0
6	0.5
7	1.0
8	1.0
9	1.0
10	5.5
11	10.0
12	8.5
13	12.0
14	17.0
15	26.5
16	36.0
17	49.5
18	93.0
19	123.0
20	165.0
21	278.0
22	349.0
23	428.5
24	508.0
25	589.5
26	780.0
27	889.0
28	1026.5
29	1307.5
30	1451.0
31	1611.5
32	1772.0
33	2035.5
34	2434.5
35	2570.0
36	2871.0
37	3282.0
38	3392.0
39	3672.5
40	4111.0
41	4269.0
42	4324.0
43	4379.0
44	4469.5
45	4768.5
46	4977.0
47	4915.5
48	4947.0
49	5040.0
50	4959.5
51	4879.0
52	4907.5
53	4874.0
54	4812.0
55	4677.0
56	4512.0
57	4482.0
58	4355.5
59	4229.0
60	4130.0
61	3840.5
62	3650.0
63	3367.0
64	2827.0
65	2570.0
66	2350.5
67	1884.5
68	1638.0
69	1475.0
70	1312.0
71	1123.5
72	767.0
73	599.0
74	559.0
75	426.5
76	334.0
77	284.5
78	235.0
79	193.5
80	119.0
81	86.0
82	66.0
83	35.0
84	24.0
85	19.0
86	14.0
87	13.0
88	9.0
89	6.0
90	4.5
91	2.0
92	1.0
93	1.5
94	1.5
95	1.0
96	0.5
97	0.0
98	0.0
99	0.0
100	0.0
>>END_MODULE
>>Per base N content	pass
#Base	N-Count
1	0.0
2	0.0
3	0.0
4	0.0
5	0.0
6	0.0
7	0.0
8	0.0
9	0.0
10	0.0
11	0.0
12	0.0
13	0.0
14	0.0
15	0.0
16	0.0
17	0.0
18	0.0
19	0.0
20	0.0
21	0.0
22	0.0
23	0.0
24	0.0
25	0.0
26	0.0
27	0.0
28	0.0
29	0.0
30	0.0
31	0.0
32	0.0
33	0.0
34	0.0
35	0.0
36	0.0
37	0.0
38	0.0
39	0.0
40	0.0
41	0.0
42	0.0
43	0.0
44	0.0
45	0.0
46	0.0
47	0.0
48	0.0
49	0.0
50	0.0
51	0.0
52	0.0
53	0.0
54	0.0
55	0.0
56	0.0
57	0.0
58	0.0
59	0.0
60	0.0
61	0.0
62	0.0
63	0.0
>>END_MODULE
>>Sequence Length Distribution	pass
#Length	Count
63	100000.0
>>END_MODULE
>>Sequence Duplication Levels	pass
#Total Duplicate Percentage	7.479
#Duplication Level	Relative count
1	100.0
2	2.735595162179397
3	0.47124436614390247
4	0.14807449119659322
5	0.047556770895256215
6	0.029182563958452677
7	0.010808357021649138
8	0.005404178510824569
9	0.003242507106494742
10++	0.003242507106494742
>>END_MODULE
>>Overrepresented sequences	pass
>>END_MODULE
>>Kmer Content	warn
#Sequence	Count	Obs/Exp Overall	Obs/Exp Max	Max Obs/Exp Position
AAAAA	18315	3.1209502	4.122074	56
>>END_MODULE
