##FastQC	0.10.1
>>Basic Statistics	pass
#Measure	Value	
Filename	SRR1039513_1.fastq.gz	
File type	Conventional base calls	
Encoding	Sanger / Illumina 1.9	
Total Sequences	100000	
Filtered Sequences	0	
Sequence length	63	
%GC	48	
>>END_MODULE
>>Per base sequence quality	pass
#Base	Mean	Median	Lower Quartile	Upper Quartile	10th Percentile	90th Percentile
1	37.68603	39.0	37.0	39.0	35.0	39.0
2	39.06847	40.0	38.0	41.0	36.0	41.0
3	38.8487	40.0	38.0	41.0	35.0	41.0
4	38.67669	40.0	38.0	41.0	34.0	41.0
5	38.68969	40.0	38.0	41.0	34.0	41.0
6	38.27732	40.0	38.0	41.0	33.0	41.0
7	38.52089	40.0	38.0	41.0	34.0	41.0
8	38.28523	40.0	38.0	41.0	33.0	41.0
9	38.38709	40.0	38.0	41.0	34.0	41.0
10	37.91868	40.0	37.0	41.0	32.0	41.0
11	37.69969	40.0	37.0	41.0	32.0	41.0
12	38.15586	40.0	38.0	41.0	33.0	41.0
13	37.75812	40.0	37.0	41.0	32.0	41.0
14	37.97134	40.0	37.0	41.0	33.0	41.0
15	37.90005	40.0	37.0	41.0	32.0	41.0
16	37.80828	40.0	37.0	41.0	32.0	41.0
17	37.59755	40.0	37.0	41.0	32.0	41.0
18	37.26853	40.0	37.0	41.0	31.0	41.0
19	37.52692	40.0	37.0	41.0	31.0	41.0
20	37.61477	40.0	37.0	41.0	32.0	41.0
21	37.32918	40.0	37.0	41.0	31.0	41.0
22	37.26634	40.0	37.0	41.0	30.0	41.0
23	37.33919	40.0	37.0	41.0	31.0	41.0
24	37.01284	40.0	36.0	41.0	30.0	41.0
25	37.0478	40.0	36.0	41.0	30.0	41.0
26	37.09256	40.0	36.0	41.0	30.0	41.0
27	36.73638	40.0	36.0	41.0	30.0	41.0
28	36.87811	40.0	36.0	41.0	30.0	41.0
29	36.58901	39.0	35.0	41.0	30.0	41.0
30	36.62763	39.0	36.0	41.0	30.0	41.0
31	36.60262	39.0	35.0	41.0	30.0	41.0
32	36.73515	40.0	36.0	41.0	30.0	41.0
33	36.49414	39.0	35.0	41.0	30.0	41.0
34	36.43778	39.0	35.0	41.0	30.0	41.0
35	36.02383	39.0	35.0	41.0	28.0	41.0
36	36.26014	39.0	35.0	41.0	30.0	41.0
37	35.8591	39.0	35.0	41.0	28.0	41.0
38	35.78018	39.0	35.0	41.0	28.0	41.0
39	35.41512	39.0	34.0	41.0	26.0	41.0
40	35.16594	38.0	34.0	40.0	26.0	41.0
41	34.99361	38.0	34.0	40.0	26.0	41.0
42	35.01836	38.0	34.0	40.0	26.0	41.0
43	35.31381	38.0	34.0	40.0	27.0	41.0
44	35.4214	38.0	34.0	40.0	28.0	41.0
45	34.8227	38.0	34.0	40.0	26.0	41.0
46	34.6475	38.0	34.0	40.0	26.0	41.0
47	34.66745	38.0	34.0	40.0	26.0	41.0
48	33.82697	37.0	33.0	40.0	23.0	41.0
49	33.58951	37.0	32.0	40.0	23.0	41.0
50	33.74696	37.0	33.0	40.0	23.0	41.0
51	33.86348	36.0	33.0	40.0	25.0	41.0
52	33.64121	36.0	33.0	39.0	25.0	41.0
53	33.42927	36.0	33.0	39.0	23.0	41.0
54	32.96896	36.0	32.0	39.0	22.0	41.0
55	32.40839	35.0	31.0	39.0	20.0	41.0
56	32.27746	35.0	31.0	39.0	20.0	40.0
57	32.29734	35.0	32.0	39.0	20.0	40.0
58	31.83457	35.0	31.0	38.0	17.0	40.0
59	31.62336	35.0	31.0	38.0	13.0	40.0
60	31.32995	35.0	31.0	37.0	2.0	40.0
61	30.97391	35.0	31.0	37.0	2.0	39.0
62	30.50713	35.0	31.0	37.0	2.0	39.0
63	28.97162	34.0	29.0	36.0	2.0	38.0
>>END_MODULE
>>Per sequence quality scores	pass
#Quality	Count
2	10.0
3	2.0
4	17.0
5	33.0
6	56.0
7	107.0
8	143.0
9	172.0
10	187.0
11	202.0
12	191.0
13	245.0
14	289.0
15	289.0
16	311.0
17	390.0
18	384.0
19	421.0
20	444.0
21	488.0
22	531.0
23	604.0
24	772.0
25	875.0
26	987.0
27	1229.0
28	1418.0
29	1675.0
30	1906.0
31	2393.0
32	2925.0
33	3636.0
34	4320.0
35	5572.0
36	7501.0
37	10380.0
38	14414.0
39	18788.0
40	15693.0
>>END_MODULE
>>Per base sequence content	pass
#Base	G	A	T	C
1	22.505	24.722	28.829	23.944
2	23.255465109302186	24.7554951099022	27.531550631012617	24.457489149782997
3	23.893	25.105	26.131	24.871
4	24.605	24.895	25.713	24.787
5	24.59	25.377	25.319999999999997	24.712999999999997
6	24.515	25.44	25.316	24.729
7	24.535999999999998	25.264999999999997	25.343	24.856
8	24.261	25.785000000000004	25.41	24.544
9	24.268	25.352000000000004	25.893	24.487000000000002
10	24.66	25.619999999999997	25.459	24.261
11	24.465999999999998	25.774	25.790000000000003	23.97
12	24.313000000000002	26.086	25.461	24.14
13	24.535	25.661	25.343	24.461
14	24.636	25.811	25.533	24.02
15	24.18511146894972	25.857395757278738	25.59735154976346	24.360141224008082
16	24.492	25.468000000000004	25.458	24.582
17	24.366	25.695	25.330000000000002	24.609
18	24.244	25.546999999999997	25.661	24.548000000000002
19	24.331	25.624000000000002	25.506	24.539
20	24.224	25.948	25.649	24.179000000000002
21	23.811047878139284	25.846393886960783	25.89640238840603	24.4461558464939
22	24.515	25.5	25.546000000000003	24.439
23	24.7294945898918	25.586511730234605	25.481509630192605	24.202484049680994
24	24.207020035810384	25.861499834952134	25.565413970051313	24.366066159186165
25	24.485325010503573	25.432647100014005	25.711741992277375	24.37028589720505
26	24.662726390847357	25.535787505125356	25.63479443561049	24.16669166841679
27	24.255791621654062	25.479134157564122	25.886248149481855	24.378826071299965
28	24.47	25.307000000000002	25.793	24.43
29	24.529	25.907000000000004	25.507999999999996	24.056
30	24.043999999999997	25.696	25.893	24.367
31	24.491	25.524	25.591	24.394
32	24.184836967393476	25.783156631326264	25.754150830166033	24.277855571114223
33	24.169	25.601000000000003	25.867	24.363
34	24.451999999999998	25.596999999999998	25.499	24.451999999999998
35	24.575	25.840999999999998	25.691000000000003	23.893
36	24.225180266223962	25.58630276724905	25.990339130521743	24.198177836005243
37	24.587999999999997	25.330000000000002	25.491000000000003	24.590999999999998
38	24.435000000000002	25.745	25.556	24.264
39	24.141000000000002	25.651000000000003	25.717000000000002	24.491
40	24.428	25.745	25.214	24.613
41	24.403	25.794	25.716	24.087
42	24.085	25.779999999999998	25.652	24.483
43	24.169999999999998	25.564999999999998	25.518	24.747
44	24.459	25.763	25.657999999999998	24.12
45	24.336	25.587	25.795	24.282
46	24.552	25.695	25.329	24.424
47	24.337	26.212999999999997	25.570999999999998	23.879
48	24.25	25.897	25.516	24.337
49	24.625	25.468000000000004	25.290000000000003	24.617
50	24.229	25.852999999999998	25.686999999999998	24.230999999999998
51	23.851	25.503999999999998	26.157000000000004	24.488
52	24.386	25.563999999999997	25.621	24.429000000000002
53	24.545	25.924000000000003	25.562	23.968999999999998
54	24.413	25.787	25.788	24.012
55	24.618000000000002	25.673000000000002	25.339	24.37
56	24.324	26.0	25.602000000000004	24.074
57	24.205	25.951999999999998	25.702	24.141000000000002
58	24.357	25.596999999999998	25.434	24.612000000000002
59	24.168	26.094	25.729999999999997	24.008
60	24.291	25.773000000000003	25.644	24.291999999999998
61	24.388	25.939	25.201	24.471999999999998
62	24.4	25.892	25.680999999999997	24.027
63	24.628	25.581	25.507	24.284
>>END_MODULE
>>Per base GC content	pass
#Base	%GC
1	46.449
2	47.71295425908518
3	48.764
4	49.392
5	49.303000000000004
6	49.244
7	49.392
8	48.805
9	48.754999999999995
10	48.921
11	48.436
12	48.453
13	48.996
14	48.656
15	48.5452526929578
16	49.074
17	48.975
18	48.792
19	48.870000000000005
20	48.403
21	48.257203724633186
22	48.954
23	48.93197863957279
24	48.57308619499655
25	48.855610907708616
26	48.82941805926414
27	48.63461769295403
28	48.9
29	48.585
30	48.411
31	48.885
32	48.4626925385077
33	48.532
34	48.903999999999996
35	48.468
36	48.4233581022292
37	49.179
38	48.699
39	48.632
40	49.041000000000004
41	48.49
42	48.568
43	48.917
44	48.579
45	48.618
46	48.976
47	48.216
48	48.587
49	49.242000000000004
50	48.46
51	48.339
52	48.815
53	48.514
54	48.425000000000004
55	48.988
56	48.398
57	48.346000000000004
58	48.969
59	48.176
60	48.583
61	48.86
62	48.427
63	48.912
>>END_MODULE
>>Per sequence GC content	pass
#GC Content	Count
0	3.0
1	1.5
2	0.0
3	0.0
4	0.0
5	0.0
6	0.5
7	2.0
8	3.0
9	3.5
10	4.5
11	5.0
12	5.5
13	16.0
14	26.0
15	36.5
16	47.0
17	63.0
18	119.0
19	159.0
20	195.5
21	312.5
22	393.0
23	499.0
24	605.0
25	712.0
26	996.0
27	1173.0
28	1269.0
29	1570.0
30	1775.0
31	1908.5
32	2042.0
33	2230.0
34	2598.5
35	2779.0
36	3009.0
37	3519.0
38	3799.0
39	3972.5
40	4283.5
41	4421.0
42	4558.5
43	4696.0
44	4795.0
45	4937.0
46	4980.0
47	4919.0
48	4969.0
49	5080.0
50	5044.5
51	5009.0
52	4944.0
53	4770.5
54	4662.0
55	4568.0
56	4416.5
57	4359.0
58	4134.0
59	3909.0
60	3724.0
61	3422.0
62	3305.0
63	3045.5
64	2527.5
65	2269.0
66	2040.5
67	1631.5
68	1451.0
69	1253.5
70	1056.0
71	914.5
72	661.0
73	549.0
74	456.5
75	314.5
76	265.0
77	231.0
78	197.0
79	162.5
80	106.0
81	84.0
82	58.0
83	26.5
84	21.0
85	16.5
86	12.0
87	10.5
88	7.0
89	5.0
90	3.5
91	1.5
92	1.0
93	1.0
94	0.5
95	0.0
96	0.0
97	0.0
98	0.0
99	0.0
100	0.0
>>END_MODULE
>>Per base N content	pass
#Base	N-Count
1	0.0
2	0.002
3	0.0
4	0.0
5	0.0
6	0.0
7	0.0
8	0.0
9	0.0
10	0.0
11	0.0
12	0.0
13	0.0
14	0.0
15	0.017
16	0.0
17	0.0
18	0.0
19	0.0
20	0.0
21	0.017
22	0.0
23	0.002
24	0.029
25	0.034
26	0.006999999999999999
27	0.027999999999999997
28	0.0
29	0.0
30	0.0
31	0.0
32	0.02
33	0.0
34	0.0
35	0.0
36	0.009000000000000001
37	0.0
38	0.0
39	0.0
40	0.0
41	0.0
42	0.0
43	0.0
44	0.0
45	0.0
46	0.0
47	0.0
48	0.0
49	0.0
50	0.0
51	0.0
52	0.0
53	0.0
54	0.0
55	0.0
56	0.0
57	0.0
58	0.0
59	0.0
60	0.0
61	0.0
62	0.0
63	0.0
>>END_MODULE
>>Sequence Length Distribution	pass
#Length	Count
63	100000.0
>>END_MODULE
>>Sequence Duplication Levels	pass
#Total Duplicate Percentage	7.111
#Duplication Level	Relative count
1	100.0
2	2.614949025180592
3	0.43277460194425604
4	0.14210509317572587
5	0.05059802560044785
6	0.016148306042696122
7	0.011842091097977155
8	0.004306214944718965
9	0.005382768680898707
10++	0.003229661208539224
>>END_MODULE
>>Overrepresented sequences	pass
>>END_MODULE
>>Kmer Content	warn
#Sequence	Count	Obs/Exp Overall	Obs/Exp Max	Max Obs/Exp Position
AAAAA	20420	3.1521358	4.189083	57
TTTTT	19765	3.0135536	3.5979407	44
>>END_MODULE
