##FastQC	0.10.1
>>Basic Statistics	pass
#Measure	Value	
Filename	SRR1039509_2.fastq.gz	
File type	Conventional base calls	
Encoding	Sanger / Illumina 1.9	
Total Sequences	100000	
Filtered Sequences	0	
Sequence length	63	
%GC	49	
>>END_MODULE
>>Per base sequence quality	pass
#Base	Mean	Median	Lower Quartile	Upper Quartile	10th Percentile	90th Percentile
1	37.87147	39.0	39.0	39.0	37.0	39.0
2	39.5263	41.0	40.0	41.0	38.0	41.0
3	39.40183	41.0	40.0	41.0	37.0	41.0
4	39.40766	41.0	40.0	41.0	37.0	41.0
5	39.42739	41.0	40.0	41.0	37.0	41.0
6	39.46521	41.0	40.0	41.0	37.0	41.0
7	39.28515	41.0	40.0	41.0	37.0	41.0
8	39.36591	41.0	40.0	41.0	37.0	41.0
9	39.36062	41.0	40.0	41.0	37.0	41.0
10	39.41857	41.0	40.0	41.0	37.0	41.0
11	39.40004	41.0	40.0	41.0	37.0	41.0
12	39.22992	41.0	40.0	41.0	37.0	41.0
13	39.1352	41.0	40.0	41.0	36.0	41.0
14	39.24138	41.0	40.0	41.0	37.0	41.0
15	39.05487	41.0	40.0	41.0	36.0	41.0
16	39.06639	41.0	40.0	41.0	36.0	41.0
17	39.07134	41.0	40.0	41.0	36.0	41.0
18	38.66443	41.0	39.0	41.0	35.0	41.0
19	38.66536	41.0	39.0	41.0	35.0	41.0
20	38.8033	41.0	39.0	41.0	35.0	41.0
21	38.96857	41.0	39.0	41.0	36.0	41.0
22	38.96031	41.0	39.0	41.0	35.0	41.0
23	38.9646	41.0	40.0	41.0	35.0	41.0
24	38.98458	41.0	40.0	41.0	35.0	41.0
25	38.98621	41.0	40.0	41.0	35.0	41.0
26	38.86518	41.0	39.0	41.0	35.0	41.0
27	38.86302	41.0	39.0	41.0	35.0	41.0
28	38.70803	41.0	39.0	41.0	35.0	41.0
29	38.83069	41.0	39.0	41.0	35.0	41.0
30	38.7138	41.0	39.0	41.0	35.0	41.0
31	38.696	41.0	39.0	41.0	35.0	41.0
32	38.67236	41.0	39.0	41.0	35.0	41.0
33	38.57552	41.0	39.0	41.0	35.0	41.0
34	38.5504	41.0	39.0	41.0	35.0	41.0
35	38.61254	41.0	39.0	41.0	35.0	41.0
36	38.55953	41.0	39.0	41.0	35.0	41.0
37	38.6024	41.0	39.0	41.0	35.0	41.0
38	38.46476	41.0	38.0	41.0	35.0	41.0
39	36.90136	39.0	36.0	40.0	33.0	41.0
40	37.51721	39.0	37.0	40.0	34.0	41.0
41	37.99958	40.0	37.0	41.0	35.0	41.0
42	38.08524	40.0	37.0	41.0	35.0	41.0
43	38.0314	40.0	37.0	41.0	35.0	41.0
44	37.87278	40.0	36.0	41.0	35.0	41.0
45	37.73901	40.0	36.0	41.0	34.0	41.0
46	37.6152	40.0	36.0	41.0	34.0	41.0
47	37.42319	39.0	35.0	41.0	34.0	41.0
48	37.1243	39.0	35.0	41.0	33.0	41.0
49	37.13467	39.0	35.0	41.0	34.0	41.0
50	37.02847	39.0	35.0	41.0	34.0	41.0
51	36.86761	39.0	35.0	41.0	34.0	41.0
52	36.39739	38.0	35.0	41.0	33.0	41.0
53	36.39976	37.0	35.0	41.0	33.0	41.0
54	36.21373	37.0	35.0	41.0	33.0	41.0
55	35.8847	37.0	35.0	40.0	33.0	41.0
56	35.76368	37.0	35.0	40.0	33.0	41.0
57	35.59226	36.0	35.0	39.0	33.0	41.0
58	34.82355	36.0	35.0	39.0	30.0	41.0
59	34.9762	36.0	35.0	39.0	32.0	41.0
60	34.84575	36.0	35.0	39.0	32.0	41.0
61	34.68339	35.0	35.0	39.0	32.0	41.0
62	34.49856	35.0	35.0	38.0	32.0	41.0
63	33.64687	35.0	34.0	37.0	30.0	39.0
>>END_MODULE
>>Per sequence quality scores	pass
#Quality	Count
2	556.0
3	40.0
4	53.0
5	72.0
6	74.0
7	68.0
8	43.0
9	43.0
10	51.0
11	58.0
12	70.0
13	60.0
14	57.0
15	62.0
16	66.0
17	78.0
18	93.0
19	140.0
20	155.0
21	200.0
22	204.0
23	252.0
24	273.0
25	354.0
26	360.0
27	429.0
28	483.0
29	549.0
30	697.0
31	729.0
32	1027.0
33	1261.0
34	1750.0
35	2714.0
36	4742.0
37	8796.0
38	15501.0
39	23861.0
40	33979.0
>>END_MODULE
>>Per base sequence content	pass
#Base	G	A	T	C
1	23.895194759737986	23.35816790839542	28.06440322016101	24.682234111705586
2	23.939154523907153	23.081077296956725	27.868508165734916	25.111260013401203
3	23.986675736235597	23.51652528809219	25.43914052496799	27.057658450704224
4	25.74203939536419	24.206440511799602	24.67662388331449	25.374896209521715
5	25.046007361177793	23.973835813730197	25.604096655464875	25.37606016962714
6	25.530127230535328	24.956989677522607	24.51688405217252	24.995999039769544
7	24.964489346804044	24.100230069020707	25.451635490647195	25.483645093528057
8	25.292587776332898	25.491647494248276	24.468340502150646	24.74742422726818
9	25.63494683351839	24.901719533055246	24.84570216767198	24.617631465754382
10	26.03131722447346	24.68057431587373	24.628545700135074	24.659562759517733
11	25.625100016002563	25.097015522483595	24.554928788606176	24.722955672907666
12	24.555612239794335	25.900029008992785	25.13879302583801	24.405565725374867
13	24.764677049885464	25.98605567725995	24.708659684502194	24.54060758835239
14	25.124000000000002	25.955000000000002	24.218	24.703
15	25.737	24.958	24.765	24.54
16	24.978	25.407000000000004	24.688	24.927
17	25.797191325918224	24.818956549571897	24.40385692566216	24.979995198847725
18	24.655931186237247	25.245049009801964	25.56011202240448	24.53890778155631
19	25.602000000000004	24.915000000000003	24.873	24.610000000000003
20	24.937	24.983	25.732	24.348
21	24.372462347740864	25.777546652799167	25.064503870232212	24.785487129227754
22	25.773000000000003	24.854000000000003	24.679000000000002	24.694
23	24.546	26.051999999999996	24.712	24.69
24	24.468	24.766	25.913000000000004	24.853
25	25.128	24.579	24.792	25.501
26	24.776	24.526	26.003999999999998	24.694
27	24.682000000000002	24.709	25.203999999999997	25.405
28	26.03216514642343	24.625940150424068	24.553928628580575	24.787966074571933
29	25.604768143044293	24.932747982439473	24.89974699240977	24.562736882106464
30	24.77	24.861	25.906000000000002	24.462999999999997
31	25.769	24.643	24.807000000000002	24.781
32	25.566601988357906	24.99449900982177	24.728451121201818	24.71044788061851
33	24.8004960099202	24.8504970099402	25.867517350347008	24.4814896297926
34	24.816	24.539	24.861	25.784000000000002
35	25.447999999999997	24.794	25.054	24.704
36	24.862000000000002	24.753	25.088	25.296999999999997
37	24.728	24.828	24.632	25.812
38	25.642	24.759	24.842	24.757
39	24.134	25.018	26.505000000000003	24.343
40	25.013999999999996	25.578	24.656	24.752
41	24.412	24.782	25.978	24.828
42	24.236	24.962	25.196	25.606
43	24.273	25.537	25.097	25.093
44	24.80103312610746	25.029281917289847	25.68399555515512	24.485689401447576
45	24.351439299123907	24.56770963704631	26.33391739674593	24.746933667083855
46	24.432808025791466	25.706361761348845	24.951440757724423	24.909389455135265
47	24.554282793662246	26.052533998777346	24.79981559985168	24.59336760770873
48	24.186690200168478	26.088090176100128	25.093264872237153	24.631954751494245
49	24.971667552578005	25.871285440632242	24.570500155452365	24.586546851337392
50	24.53590877636369	26.253873694978484	24.54493486175046	24.665282666907363
51	24.26291343559082	26.3485248236911	25.097559262863278	24.2910024778548
52	24.76334835724109	25.785241771148076	24.652927654363125	24.798482217247713
53	24.679689773149125	26.25691037333574	24.642566896427173	24.420832957087963
54	24.371476153213347	25.839202231184416	25.34059672144305	24.448724894159195
55	24.94203611325792	25.824291636137346	24.54858427597836	24.68508797462637
56	24.98494761770963	26.08176454060129	24.5353831333039	24.39790470838518
57	24.432576769025367	25.95641306202757	25.02183362277523	24.58917654617184
58	24.738473265598827	25.850776807117136	24.574987713509124	24.835762213774913
59	24.463291544839187	25.925221292105576	25.121159931109066	24.490327231946168
60	24.318293256481844	25.71622987401559	25.438043489137723	24.527433380364844
61	24.647	25.822	24.738	24.793000000000003
62	24.761	25.77	24.953	24.516
63	24.632	25.875999999999998	24.828	24.664
>>END_MODULE
>>Per base GC content	pass
#Base	%GC
1	48.57742887144357
2	49.050414537308356
3	51.04433418693982
4	51.1169356048859
5	50.422067530804924
6	50.52612627030487
7	50.448134440332105
8	50.04001200360108
9	50.25257829927278
10	50.6908799839912
11	50.34805568891022
12	48.9611779651692
13	49.30528463823786
14	49.827
15	50.27700000000001
16	49.905
17	50.77718652476595
18	49.19483896779356
19	50.212
20	49.285000000000004
21	49.15794947696862
22	50.467
23	49.236000000000004
24	49.321
25	50.629000000000005
26	49.47
27	50.087
28	50.82013122099536
29	50.167505025150746
30	49.233
31	50.55
32	50.27704986897642
33	49.281985639712794
34	50.6
35	50.151999999999994
36	50.159
37	50.54
38	50.39900000000001
39	48.477
40	49.766
41	49.24
42	49.842
43	49.366
44	49.286722527555035
45	49.09837296620776
46	49.34219748092673
47	49.147650401370974
48	48.81864495166272
49	49.55821440391539
50	49.20119144327105
51	48.55391591344562
52	49.5618305744888
53	49.10052273023708
54	48.82020104737254
55	49.6271240878843
56	49.38285232609481
57	49.0217533151972
58	49.57423547937374
59	48.953618776785355
60	48.845726636846685
61	49.44
62	49.277
63	49.296
>>END_MODULE
>>Per sequence GC content	pass
#GC Content	Count
0	2.0
1	1.0
2	0.5
3	1.0
4	0.5
5	0.0
6	1.5
7	3.0
8	3.0
9	4.0
10	4.5
11	4.0
12	7.0
13	20.0
14	30.0
15	34.0
16	38.0
17	55.5
18	119.0
19	165.0
20	190.5
21	282.5
22	349.0
23	436.5
24	524.0
25	622.0
26	828.5
27	937.0
28	1073.0
29	1381.5
30	1554.0
31	1678.0
32	1802.0
33	1998.0
34	2351.5
35	2509.0
36	2830.5
37	3369.0
38	3586.0
39	3756.0
40	4009.0
41	4092.0
42	4232.0
43	4372.0
44	4496.0
45	4704.0
46	4788.0
47	4708.0
48	4779.0
49	4930.0
50	4861.0
51	4792.0
52	4820.5
53	4799.5
54	4750.0
55	4775.0
56	4689.0
57	4578.0
58	4417.0
59	4256.0
60	4098.0
61	3789.0
62	3638.0
63	3374.5
64	2919.0
65	2727.0
66	2462.5
67	1954.5
68	1711.0
69	1468.0
70	1225.0
71	1047.5
72	787.0
73	704.0
74	593.5
75	418.0
76	353.0
77	285.5
78	218.0
79	191.5
80	126.0
81	87.0
82	69.0
83	40.0
84	29.0
85	19.0
86	9.0
87	7.5
88	4.0
89	2.0
90	2.0
91	1.5
92	1.0
93	0.5
94	0.5
95	1.0
96	0.5
97	0.0
98	1.0
99	1.0
100	0.0
>>END_MODULE
>>Per base N content	pass
#Base	N-Count
1	0.005
2	0.009000000000000001
3	0.032
4	0.039
5	0.016
6	0.024
7	0.03
8	0.03
9	0.031
10	0.055
11	0.016
12	0.031
13	0.031
14	0.0
15	0.0
16	0.0
17	0.024
18	0.02
19	0.0
20	0.0
21	0.006
22	0.0
23	0.0
24	0.0
25	0.0
26	0.0
27	0.0
28	0.016
29	0.003
30	0.0
31	0.0
32	0.018000000000000002
33	0.002
34	0.0
35	0.0
36	0.0
37	0.0
38	0.0
39	0.0
40	0.0
41	0.0
42	0.0
43	0.0
44	0.109
45	0.125
46	0.122
47	0.217
48	0.28400000000000003
49	0.291
50	0.28900000000000003
51	0.317
52	0.381
53	0.331
54	0.322
55	0.369
56	0.348
57	0.383
58	0.297
59	0.132
60	0.067
61	0.0
62	0.0
63	0.0
>>END_MODULE
>>Sequence Length Distribution	pass
#Length	Count
63	100000.0
>>END_MODULE
>>Sequence Duplication Levels	pass
#Total Duplicate Percentage	7.767
#Duplication Level	Relative count
1	100.0
2	2.74305292032136
3	0.4401895200199495
4	0.1409473832576193
5	0.04011579369639934
6	0.028189476651523857
7	0.010842106404432252
8	0.004336842561772901
9	0.005421053202216126
10++	0.011926317044875479
>>END_MODULE
>>Overrepresented sequences	warn
#Sequence	Count	Percentage	Possible Source
GTCGTGTAGGGAAAGAGTGTAGATCTCGGTGGTCGCCGTATCATTAAAAAAAAAAAAAAAAAA	182	0.182	Illumina Single End PCR Primer 1 (100% over 45bp)
>>END_MODULE
>>Kmer Content	fail
#Sequence	Count	Obs/Exp Overall	Obs/Exp Max	Max Obs/Exp Position
AAAAA	30695	5.127878	15.163132	47
TTTTT	18200	3.1059568	3.9274132	59
GGTGG	11705	2.0581572	11.657693	28
AAAGA	11905	2.0123155	10.661879	12
GGAAA	10565	1.8068941	11.092968	10
AAGAG	10070	1.7222359	11.342243	13
AGGGA	9660	1.6716174	10.101523	8
GGGAA	9490	1.6421998	10.917809	9
TAAAA	9690	1.6257159	11.604014	45
GAAAG	9480	1.6213305	10.838146	11
AGAGG	9220	1.5954777	5.508269	14
GAGGG	8890	1.5565321	5.160454	15
TTAAA	8935	1.5054495	11.205356	44
TCATT	8565	1.4720794	10.90206	41
GTGGT	7960	1.3892306	9.205287	29
ATCTC	7890	1.3715496	11.267738	23
TGGTC	7795	1.3657222	9.034565	30
ATCAT	7550	1.2921116	10.348191	40
TGTAG	7280	1.2557297	9.659878	5
AGATC	7055	1.2164546	10.719698	21
GATCT	6705	1.1610433	10.611884	22
GAGTG	6415	1.1148262	6.1976557	15
AGAGT	6320	1.0855031	6.327841	14
AGTGT	6165	1.0634029	5.7447987	16
ATTAA	5945	1.0016673	10.550527	43
GTGTA	5695	0.98233247	9.558674	4
CTCGG	5415	0.9595671	11.069697	25
TATCA	5430	0.9292936	9.580458	39
GTAGG	5325	0.9254014	10.298371	6
GTAGA	5315	0.9128875	9.514217	19
CATTA	5120	0.87623996	10.300291	42
CGCCG	4515	0.8092176	10.666906	34
CGGTG	4580	0.80845803	9.882539	27
TAGGG	4585	0.79680103	9.990957	7
TCTCG	4315	0.7589478	10.624486	24
TAGAT	4375	0.74584097	9.393146	20
TCGCC	4040	0.7186926	9.225199	33
GCCGT	4020	0.7123656	10.181015	35
GTATC	3895	0.67446136	9.693548	38
CGTGT	3845	0.67366284	9.605814	3
TCGTG	3775	0.6613985	9.347594	2
TCGGT	3190	0.55890363	9.6540785	26
GTCGC	3055	0.5413624	8.876644	32
GGTCG	2955	0.5216143	8.738246	31
GTCGT	2965	0.5194825	9.347593	1
CCGTA	2505	0.43872064	9.80423	36
CGTAT	2215	0.3835512	9.489473	37
>>END_MODULE
