##FastQC	0.10.1
>>Basic Statistics	pass
#Measure	Value	
Filename	SRR1039512_2.fastq.gz	
File type	Conventional base calls	
Encoding	Sanger / Illumina 1.9	
Total Sequences	100000	
Filtered Sequences	0	
Sequence length	63	
%GC	49	
>>END_MODULE
>>Per base sequence quality	pass
#Base	Mean	Median	Lower Quartile	Upper Quartile	10th Percentile	90th Percentile
1	38.36384	39.0	39.0	39.0	37.0	39.0
2	40.01482	41.0	40.0	41.0	38.0	41.0
3	39.81273	41.0	40.0	41.0	38.0	41.0
4	39.66155	41.0	40.0	41.0	38.0	41.0
5	39.69874	41.0	40.0	41.0	38.0	41.0
6	39.78124	41.0	40.0	41.0	38.0	41.0
7	39.47247	41.0	40.0	41.0	37.0	41.0
8	39.48956	41.0	40.0	41.0	37.0	41.0
9	39.50841	41.0	40.0	41.0	37.0	41.0
10	39.5136	41.0	40.0	41.0	38.0	41.0
11	39.43674	41.0	40.0	41.0	37.0	41.0
12	38.9331	41.0	39.0	41.0	36.0	41.0
13	39.17622	41.0	39.0	41.0	37.0	41.0
14	39.09681	41.0	39.0	41.0	36.0	41.0
15	39.05155	41.0	39.0	41.0	36.0	41.0
16	39.23054	41.0	40.0	41.0	37.0	41.0
17	39.16585	41.0	40.0	41.0	37.0	41.0
18	39.05977	41.0	39.0	41.0	36.0	41.0
19	38.68348	41.0	39.0	41.0	35.0	41.0
20	38.60668	41.0	39.0	41.0	35.0	41.0
21	38.88915	41.0	39.0	41.0	36.0	41.0
22	38.95887	41.0	39.0	41.0	36.0	41.0
23	39.06194	41.0	40.0	41.0	36.0	41.0
24	39.05689	41.0	40.0	41.0	36.0	41.0
25	38.86094	41.0	39.0	41.0	35.0	41.0
26	38.85272	41.0	39.0	41.0	35.0	41.0
27	38.86843	41.0	39.0	41.0	35.0	41.0
28	38.83943	41.0	39.0	41.0	35.0	41.0
29	38.75466	41.0	39.0	41.0	35.0	41.0
30	38.25592	41.0	39.0	41.0	34.0	41.0
31	38.40691	41.0	39.0	41.0	35.0	41.0
32	38.45061	41.0	39.0	41.0	35.0	41.0
33	38.37769	41.0	39.0	41.0	35.0	41.0
34	38.30991	41.0	39.0	41.0	35.0	41.0
35	38.11534	41.0	38.0	41.0	34.0	41.0
36	37.98085	41.0	38.0	41.0	34.0	41.0
37	37.89938	40.0	38.0	41.0	34.0	41.0
38	37.76674	40.0	38.0	41.0	33.0	41.0
39	35.8491	38.0	35.0	39.0	30.0	40.0
40	36.70156	39.0	36.0	40.0	32.0	40.0
41	37.21751	40.0	37.0	41.0	33.0	41.0
42	37.21897	40.0	37.0	41.0	33.0	41.0
43	36.87578	40.0	36.0	41.0	31.0	41.0
44	37.04564	40.0	36.0	41.0	32.0	41.0
45	37.00806	40.0	36.0	41.0	32.0	41.0
46	36.74862	39.0	35.0	41.0	32.0	41.0
47	35.99872	39.0	35.0	41.0	29.0	41.0
48	36.15712	39.0	35.0	41.0	30.0	41.0
49	36.22555	39.0	35.0	41.0	31.0	41.0
50	36.16173	39.0	35.0	41.0	31.0	41.0
51	36.05309	39.0	35.0	41.0	31.0	41.0
52	35.7943	38.0	35.0	41.0	31.0	41.0
53	35.53182	37.0	35.0	40.0	30.0	41.0
54	35.31063	37.0	35.0	40.0	30.0	41.0
55	35.18576	37.0	35.0	40.0	30.0	41.0
56	34.88249	37.0	35.0	40.0	29.0	41.0
57	34.74704	36.0	35.0	39.0	30.0	41.0
58	34.59524	36.0	35.0	39.0	30.0	41.0
59	34.33663	36.0	35.0	39.0	29.0	41.0
60	34.05052	35.0	35.0	39.0	29.0	41.0
61	33.61426	35.0	34.0	38.0	28.0	40.0
62	33.38416	35.0	34.0	37.0	27.0	40.0
63	31.80954	35.0	32.0	36.0	23.0	39.0
>>END_MODULE
>>Per sequence quality scores	pass
#Quality	Count
2	327.0
3	62.0
4	69.0
5	81.0
6	91.0
7	94.0
8	110.0
9	105.0
10	107.0
11	128.0
12	129.0
13	127.0
14	137.0
15	160.0
16	151.0
17	157.0
18	191.0
19	207.0
20	197.0
21	207.0
22	258.0
23	248.0
24	253.0
25	329.0
26	403.0
27	442.0
28	553.0
29	676.0
30	755.0
31	929.0
32	1252.0
33	1487.0
34	2217.0
35	3234.0
36	5119.0
37	9236.0
38	15550.0
39	24247.0
40	29975.0
>>END_MODULE
>>Per base sequence content	pass
#Base	G	A	T	C
1	23.577	24.489	27.553	24.381
2	24.295	24.326	26.808	24.571
3	24.829	24.266	25.657000000000004	25.247999999999998
4	25.389	24.21	25.218	25.183
5	25.454	24.909	25.014999999999997	24.622
6	25.074	24.661	25.031	25.234
7	25.182	24.385	24.813	25.619999999999997
8	24.799	25.233	25.107000000000003	24.861
9	24.732000000000003	24.673000000000002	25.495	25.1
10	25.169000000000004	24.654	25.245	24.932000000000002
11	25.226	24.884	25.474999999999998	24.415
12	24.739	25.339	25.163000000000004	24.759
13	25.062	24.862000000000002	24.723	25.352999999999998
14	25.019000000000002	25.261	25.137999999999998	24.582
15	24.828	24.717	25.235999999999997	25.219
16	24.917	24.537	24.828	25.718000000000004
17	25.049	25.163000000000004	25.054	24.734
18	24.881	24.903	25.101000000000003	25.115
19	24.998	24.833	24.644	25.525
20	24.878	25.130999999999997	25.034	24.956999999999997
21	24.956	25.154	25.130000000000003	24.759999999999998
22	25.207	25.128	24.687	24.978
23	25.202	25.235000000000003	24.905	24.657999999999998
24	24.947	25.135	24.977	24.941
25	25.19	24.883	24.712999999999997	25.214
26	24.919	24.986	25.169999999999998	24.925
27	24.678	25.101000000000003	25.372	24.849
28	25.325999999999997	24.632	24.696	25.346000000000004
29	24.792	25.163999999999998	25.404	24.64
30	24.802	24.914	25.455	24.829
31	25.125999999999998	24.675	24.944	25.255
32	24.831	25.346000000000004	25.0	24.823
33	24.6	24.878	25.44	25.081999999999997
34	25.095	24.915000000000003	24.811	25.179000000000002
35	24.765	25.159	25.407999999999998	24.668
36	24.68	25.089	25.203999999999997	25.027
37	25.083	24.792	24.964	25.161
38	24.962999999999997	25.156	25.256	24.625
39	24.799	24.953	25.456	24.792
40	25.014999999999997	24.815	25.186999999999998	24.983
41	24.861	25.148	25.230999999999998	24.759999999999998
42	24.446	25.21	25.27	25.074
43	25.048	24.519	25.007	25.426
44	24.765	25.066	25.34	24.829
45	24.59	24.919	25.358999999999998	25.131999999999998
46	24.915000000000003	24.919	24.826999999999998	25.339
47	24.783	25.381999999999998	25.209	24.626
48	24.596	25.169000000000004	25.308000000000003	24.927
49	25.064999999999998	24.758	24.843	25.334
50	24.815	25.251	25.078	24.856
51	24.659	25.191000000000003	25.322	24.828
52	25.068	24.852	24.781	25.299
53	24.748	25.328	25.019000000000002	24.905
54	24.990000000000002	24.759999999999998	25.351000000000003	24.898999999999997
55	25.169000000000004	25.002000000000002	24.795	25.034
56	25.311	25.252999999999997	24.94	24.496000000000002
57	24.671000000000003	25.258999999999997	25.274	24.796000000000003
58	25.227	24.864	24.776	25.133
59	24.923000000000002	25.381999999999998	24.887	24.808
60	24.903	24.848	25.279	24.97
61	25.404	25.104	24.573999999999998	24.918000000000003
62	25.194	24.959999999999997	24.965	24.881
63	24.884	25.196	25.028	24.892
>>END_MODULE
>>Per base GC content	pass
#Base	%GC
1	47.958
2	48.866
3	50.077000000000005
4	50.571999999999996
5	50.076
6	50.308
7	50.802
8	49.66
9	49.832
10	50.101
11	49.641000000000005
12	49.498
13	50.415
14	49.601
15	50.047
16	50.635
17	49.783
18	49.996
19	50.522999999999996
20	49.835
21	49.716
22	50.185
23	49.86
24	49.888
25	50.404
26	49.844
27	49.527
28	50.672
29	49.431999999999995
30	49.631
31	50.381
32	49.653999999999996
33	49.681999999999995
34	50.273999999999994
35	49.433
36	49.707
37	50.244
38	49.588
39	49.591
40	49.998
41	49.620999999999995
42	49.519999999999996
43	50.474
44	49.594
45	49.722
46	50.254
47	49.409
48	49.523
49	50.39900000000001
50	49.671
51	49.486999999999995
52	50.367
53	49.653000000000006
54	49.889
55	50.202999999999996
56	49.807
57	49.467
58	50.36000000000001
59	49.730999999999995
60	49.873
61	50.322
62	50.075
63	49.775999999999996
>>END_MODULE
>>Per sequence GC content	pass
#GC Content	Count
0	0.0
1	1.5
2	2.5
3	2.0
4	2.0
5	2.0
6	3.5
7	3.5
8	2.0
9	3.5
10	10.5
11	16.0
12	14.0
13	13.0
14	14.0
15	20.5
16	27.0
17	50.5
18	95.0
19	116.0
20	143.0
21	233.0
22	296.0
23	377.5
24	459.0
25	548.5
26	736.0
27	834.0
28	953.0
29	1260.5
30	1449.0
31	1629.0
32	1809.0
33	1931.5
34	2291.5
35	2529.0
36	2780.0
37	3225.5
38	3420.0
39	3615.0
40	3976.5
41	4143.0
42	4320.5
43	4498.0
44	4584.0
45	4826.5
46	4983.0
47	5046.5
48	5090.5
49	5071.0
50	4967.5
51	4864.0
52	4825.0
53	4906.5
54	5027.0
55	4868.5
56	4621.5
57	4533.0
58	4412.5
59	4292.0
60	4126.0
61	3785.0
62	3610.0
63	3375.5
64	2827.5
65	2514.0
66	2298.0
67	1891.5
68	1701.0
69	1484.0
70	1267.0
71	1070.5
72	762.0
73	650.0
74	576.5
75	431.5
76	360.0
77	310.5
78	261.0
79	212.5
80	141.0
81	118.0
82	96.0
83	66.5
84	59.0
85	50.0
86	41.0
87	32.5
88	23.5
89	23.0
90	15.0
91	8.0
92	9.0
93	8.0
94	6.0
95	5.0
96	4.5
97	4.0
98	4.0
99	3.0
100	2.0
>>END_MODULE
>>Per base N content	pass
#Base	N-Count
1	0.0
2	0.0
3	0.0
4	0.0
5	0.0
6	0.0
7	0.0
8	0.0
9	0.0
10	0.0
11	0.0
12	0.0
13	0.0
14	0.0
15	0.0
16	0.0
17	0.0
18	0.0
19	0.0
20	0.0
21	0.0
22	0.0
23	0.0
24	0.0
25	0.0
26	0.0
27	0.0
28	0.0
29	0.0
30	0.0
31	0.0
32	0.0
33	0.0
34	0.0
35	0.0
36	0.0
37	0.0
38	0.0
39	0.0
40	0.0
41	0.0
42	0.0
43	0.0
44	0.0
45	0.0
46	0.0
47	0.0
48	0.0
49	0.0
50	0.0
51	0.0
52	0.0
53	0.0
54	0.0
55	0.0
56	0.0
57	0.0
58	0.0
59	0.0
60	0.0
61	0.0
62	0.0
63	0.0
>>END_MODULE
>>Sequence Length Distribution	pass
#Length	Count
63	100000.0
>>END_MODULE
>>Sequence Duplication Levels	pass
#Total Duplicate Percentage	8.983
#Duplication Level	Relative count
1	100.0
2	3.0950262038959755
3	0.6273553292242109
4	0.18458090246876957
5	0.08569827614621445
6	0.03845435468099366
7	0.019776525264511024
8	0.009888262632255512
9	0.006592175088170342
10++	0.009888262632255512
>>END_MODULE
>>Overrepresented sequences	pass
>>END_MODULE
>>Kmer Content	warn
#Sequence	Count	Obs/Exp Overall	Obs/Exp Max	Max Obs/Exp Position
AAAAA	19255	3.3791046	4.7110915	56
TTTTT	18630	3.1309605	3.9166417	16
>>END_MODULE
