##FastQC	0.10.1
>>Basic Statistics	pass
#Measure	Value	
Filename	SRR1039508_2.fastq.gz	
File type	Conventional base calls	
Encoding	Sanger / Illumina 1.9	
Total Sequences	100000	
Filtered Sequences	0	
Sequence length	63	
%GC	50	
>>END_MODULE
>>Per base sequence quality	pass
#Base	Mean	Median	Lower Quartile	Upper Quartile	10th Percentile	90th Percentile
1	38.26336	39.0	39.0	39.0	37.0	39.0
2	39.26014	41.0	39.0	41.0	36.0	41.0
3	39.35848	41.0	39.0	41.0	37.0	41.0
4	39.14966	41.0	39.0	41.0	36.0	41.0
5	39.76146	41.0	40.0	41.0	38.0	41.0
6	39.8189	41.0	40.0	41.0	38.0	41.0
7	39.69005	41.0	40.0	41.0	38.0	41.0
8	39.98434	41.0	40.0	41.0	38.0	41.0
9	39.5595	41.0	40.0	41.0	38.0	41.0
10	39.61506	41.0	40.0	41.0	38.0	41.0
11	39.74562	41.0	40.0	41.0	38.0	41.0
12	39.32807	41.0	40.0	41.0	37.0	41.0
13	39.40402	41.0	40.0	41.0	37.0	41.0
14	39.5218	41.0	40.0	41.0	37.0	41.0
15	39.58933	41.0	40.0	41.0	38.0	41.0
16	39.66534	41.0	40.0	41.0	38.0	41.0
17	39.72557	41.0	40.0	41.0	38.0	41.0
18	38.83749	41.0	39.0	41.0	35.0	41.0
19	39.04498	41.0	39.0	41.0	36.0	41.0
20	39.29272	41.0	39.0	41.0	37.0	41.0
21	39.63168	41.0	40.0	41.0	37.0	41.0
22	39.48023	41.0	40.0	41.0	37.0	41.0
23	39.6434	41.0	40.0	41.0	37.0	41.0
24	39.68175	41.0	40.0	41.0	38.0	41.0
25	39.65273	41.0	40.0	41.0	37.0	41.0
26	39.42835	41.0	40.0	41.0	37.0	41.0
27	39.47429	41.0	40.0	41.0	37.0	41.0
28	39.45236	41.0	40.0	41.0	37.0	41.0
29	39.46051	41.0	40.0	41.0	36.0	41.0
30	39.3566	41.0	40.0	41.0	36.0	41.0
31	39.17443	41.0	39.0	41.0	35.0	41.0
32	39.07303	41.0	39.0	41.0	35.0	41.0
33	39.14813	41.0	39.0	41.0	35.0	41.0
34	39.0733	41.0	39.0	41.0	35.0	41.0
35	39.17957	41.0	39.0	41.0	35.0	41.0
36	39.11397	41.0	39.0	41.0	35.0	41.0
37	39.0657	41.0	39.0	41.0	35.0	41.0
38	38.87006	41.0	39.0	41.0	35.0	41.0
39	37.10472	39.0	36.0	39.0	33.0	40.0
40	37.95179	39.0	37.0	40.0	34.0	41.0
41	38.428	40.0	37.0	41.0	35.0	41.0
42	38.61693	40.0	37.0	41.0	35.0	41.0
43	38.58474	40.0	37.0	41.0	35.0	41.0
44	38.33994	40.0	37.0	41.0	35.0	41.0
45	38.29874	40.0	37.0	41.0	35.0	41.0
46	38.11377	40.0	36.0	41.0	35.0	41.0
47	37.89327	40.0	36.0	41.0	35.0	41.0
48	36.95561	39.0	35.0	41.0	33.0	41.0
49	37.27019	39.0	35.0	41.0	34.0	41.0
50	37.364	39.0	35.0	41.0	34.0	41.0
51	37.16686	39.0	35.0	41.0	34.0	41.0
52	36.96126	38.0	35.0	41.0	34.0	41.0
53	36.84068	37.0	35.0	41.0	34.0	41.0
54	36.38041	37.0	35.0	40.0	33.0	41.0
55	36.41094	37.0	35.0	40.0	34.0	41.0
56	36.15808	37.0	35.0	40.0	33.0	41.0
57	35.97392	36.0	35.0	39.0	33.0	41.0
58	35.13012	36.0	35.0	39.0	31.0	41.0
59	35.34885	36.0	35.0	39.0	32.0	41.0
60	35.4004	36.0	35.0	39.0	33.0	41.0
61	35.03758	35.0	35.0	39.0	33.0	41.0
62	34.50584	35.0	35.0	37.0	31.0	40.0
63	33.80964	35.0	34.0	37.0	30.0	39.0
>>END_MODULE
>>Per sequence quality scores	pass
#Quality	Count
2	157.0
3	14.0
4	24.0
5	27.0
6	25.0
7	23.0
8	22.0
9	30.0
10	38.0
11	33.0
12	36.0
13	33.0
14	38.0
15	47.0
16	55.0
17	62.0
18	60.0
19	82.0
20	93.0
21	111.0
22	115.0
23	120.0
24	165.0
25	165.0
26	244.0
27	256.0
28	359.0
29	456.0
30	574.0
31	665.0
32	969.0
33	1154.0
34	1714.0
35	2848.0
36	5290.0
37	9640.0
38	16979.0
39	25166.0
40	32111.0
>>END_MODULE
>>Per base sequence content	pass
#Base	G	A	T	C
1	23.06161431300191	23.3266328643005	28.718010260718252	24.893742561979337
2	24.05396215848634	23.4429377175087	27.466098643945756	25.0370014800592
3	24.64162456859901	23.675286350222578	25.67598659530836	26.007102485870053
4	25.333880213283184	23.962345314672724	25.062774482048	25.6409999899961
5	25.605	24.16	24.803	25.432
6	25.088275599923975	24.791189444939032	24.525112282561942	25.595422672575047
7	25.594958235382382	24.414545090781772	24.702645926074126	25.287850747761713
8	25.186785489242958	24.859723347436013	24.68569028115342	25.267800882167613
9	24.986994797919166	24.858943577430974	25.096038415366145	25.058023209283714
10	25.67014538577761	24.621526700753442	24.734593410111966	24.97373450335698
11	25.466546654665468	25.22952295229523	24.60946094609461	24.694469446944694
12	24.970487604794016	25.48270273514876	24.999499789911763	24.54730987014546
13	25.160315729449074	25.359397352914698	24.461029021898977	25.01925789573725
14	25.105	25.46	24.746000000000002	24.689
15	25.218	24.98	24.849	24.953
16	25.317	24.631	24.792	25.259999999999998
17	25.359043085170217	24.638956674800976	24.85098211785414	25.151018122174662
18	24.790966554648744	24.985997759641542	25.206032965274446	25.017002720435272
19	25.256	24.787	25.025	24.932000000000002
20	24.906	25.058000000000003	25.091	24.945
21	24.514	25.445	25.293	24.748
22	25.468000000000004	24.85	24.775	24.907
23	25.108000000000004	25.206	24.695	24.991
24	24.704	25.174999999999997	25.298	24.823
25	25.039	24.869	24.855	25.237
26	25.031	24.825	24.961	25.183
27	24.319	24.692	25.290000000000003	25.698999999999998
28	25.271	24.779	24.684	25.266
29	25.287	25.013999999999996	24.859	24.84
30	24.974	24.775	25.373	24.878
31	25.197999999999997	24.661	25.016	25.124999999999996
32	25.256	24.878	25.023	24.843
33	24.764	25.069000000000003	25.331	24.836
34	24.951	24.67	24.792	25.587
35	25.228	24.964	24.911	24.897
36	24.914	24.884999999999998	25.130999999999997	25.069999999999997
37	25.014999999999997	24.667	24.859	25.459
38	25.31	24.954	24.887	24.849
39	24.66	24.747	25.369999999999997	25.223000000000003
40	25.018	24.973	25.258999999999997	24.75
41	25.101000000000003	25.011	25.141999999999996	24.746000000000002
42	24.623	25.169999999999998	24.865000000000002	25.342
43	25.06	25.124000000000002	24.813	25.002999999999997
44	25.058306557360638	24.805060909081806	25.195439576389095	24.941192957168454
45	24.677600224278105	24.865833633705794	25.342424606512076	25.114141535504025
46	25.024776510866626	24.96571331324517	24.91766189823111	25.091848277657093
47	25.112521176034242	25.28293186579657	24.760673222466142	24.843873735703045
48	24.704619766905378	25.385649234719466	25.001504483360414	24.908226515014746
49	24.849815968147947	25.127618818385134	24.882911614566098	25.139653598900825
50	25.07647100119345	25.282065168336494	24.77259279317227	24.86887103729779
51	24.74847278089296	25.30318684735834	25.1677684043695	24.780571967379203
52	25.057226617404922	24.980924460865026	24.792177021003173	25.169671900726883
53	24.853020847964363	25.514176214459138	25.092802536268234	24.540000401308266
54	24.655404185309283	25.351618145703338	25.205152384582973	24.787825284404406
55	25.040658568416823	25.088846501355285	24.78064451360305	25.089850416624838
56	25.008276899924752	25.36644093303235	24.776523702031604	24.848758465011286
57	24.78774010959234	25.416992834346964	24.913189217398283	24.88207783866241
58	24.97918234261349	25.001254075746175	24.841735640832706	25.177827940807624
59	25.17698184621855	25.274109082898597	24.815508315893823	24.733400754989034
60	24.56400148084408	25.38346857708894	25.218374473449867	24.834155468617112
61	25.083	25.419000000000004	24.753	24.745
62	25.168000000000003	25.044	25.094	24.694
63	24.7	25.412000000000003	24.907	24.981
>>END_MODULE
>>Per base GC content	pass
#Base	%GC
1	47.95535687498125
2	49.090963638545546
3	50.64872705446907
4	50.974880203279284
5	51.037
6	50.68369827249902
7	50.8828089831441
8	50.45458637141057
9	50.04501800720288
10	50.64387988913459
11	50.16101610161016
12	49.51779747493947
13	50.17957362518632
14	49.794
15	50.171
16	50.577000000000005
17	50.51006120734488
18	49.80796927508401
19	50.188
20	49.851
21	49.262
22	50.375
23	50.099000000000004
24	49.527
25	50.275999999999996
26	50.214000000000006
27	50.017999999999994
28	50.537
29	50.127
30	49.852000000000004
31	50.32299999999999
32	50.099000000000004
33	49.6
34	50.538000000000004
35	50.125
36	49.984
37	50.474
38	50.159
39	49.883
40	49.768
41	49.847
42	49.964999999999996
43	50.063
44	49.99949951452909
45	49.791741759782134
46	50.11662478852372
47	49.95639491173729
48	49.61284628192012
49	49.98946956704877
50	49.94534203849124
51	49.52904474827216
52	50.226898518131804
53	49.39302124927263
54	49.44322946971369
55	50.130508985041665
56	49.85703536493604
57	49.66981794825475
58	50.15701028342112
59	49.91038260120758
60	49.39815694946119
61	49.828
62	49.862
63	49.681
>>END_MODULE
>>Per sequence GC content	pass
#GC Content	Count
0	4.0
1	2.0
2	0.0
3	0.0
4	0.0
5	0.0
6	1.0
7	1.5
8	1.0
9	2.0
10	5.5
11	8.0
12	8.0
13	13.0
14	18.0
15	31.0
16	44.0
17	48.5
18	99.0
19	145.0
20	181.5
21	292.0
22	366.0
23	413.0
24	460.0
25	575.0
26	797.0
27	904.0
28	997.0
29	1278.5
30	1467.0
31	1583.0
32	1699.0
33	1863.0
34	2215.5
35	2404.0
36	2676.0
37	3222.5
38	3497.0
39	3659.5
40	3941.0
41	4060.0
42	4230.5
43	4401.0
44	4513.5
45	4734.5
46	4843.0
47	4779.5
48	4841.5
49	4967.0
50	4916.5
51	4866.0
52	4876.0
53	4871.0
54	4856.0
55	4727.5
56	4645.0
57	4691.0
58	4545.5
59	4400.0
60	4247.5
61	3903.0
62	3711.0
63	3502.5
64	3005.5
65	2717.0
66	2479.0
67	1999.5
68	1758.0
69	1550.5
70	1343.0
71	1160.5
72	832.0
73	686.0
74	589.0
75	425.0
76	358.0
77	283.5
78	209.0
79	165.0
80	111.0
81	101.0
82	73.5
83	36.5
84	27.0
85	18.5
86	10.0
87	9.5
88	8.0
89	7.0
90	4.0
91	2.0
92	3.0
93	1.5
94	1.5
95	3.0
96	1.5
97	0.0
98	0.5
99	0.5
100	0.0
>>END_MODULE
>>Per base N content	pass
#Base	N-Count
1	0.006999999999999999
2	0.004
3	0.034999999999999996
4	0.039
5	0.0
6	0.029
7	0.034999999999999996
8	0.019
9	0.04
10	0.059000000000000004
11	0.01
12	0.042
13	0.041
14	0.0
15	0.0
16	0.0
17	0.012
18	0.016
19	0.0
20	0.0
21	0.0
22	0.0
23	0.0
24	0.0
25	0.0
26	0.0
27	0.0
28	0.0
29	0.0
30	0.0
31	0.0
32	0.0
33	0.0
34	0.0
35	0.0
36	0.0
37	0.0
38	0.0
39	0.0
40	0.0
41	0.0
42	0.0
43	0.0
44	0.097
45	0.124
46	0.107
47	0.241
48	0.298
49	0.28900000000000003
50	0.28900000000000003
51	0.309
52	0.396
53	0.326
54	0.318
55	0.38999999999999996
56	0.325
57	0.358
58	0.325
59	0.131
60	0.056999999999999995
61	0.0
62	0.0
63	0.0
>>END_MODULE
>>Sequence Length Distribution	pass
#Length	Count
63	100000.0
>>END_MODULE
>>Sequence Duplication Levels	pass
#Total Duplicate Percentage	7.67
#Duplication Level	Relative count
1	100.0
2	2.7954077764540237
3	0.45705621141557456
4	0.11047330228528106
5	0.0595689375067692
6	0.03140907613993285
7	0.014079930683418174
8	0.009747644319289504
9	0.0043322863641286685
10++	0.010830715910321672
>>END_MODULE
>>Overrepresented sequences	pass
>>END_MODULE
>>Kmer Content	warn
#Sequence	Count	Obs/Exp Overall	Obs/Exp Max	Max Obs/Exp Position
AAAAA	22705	3.985343	7.78825	50
AAAGA	10530	1.8498373	5.0747256	12
AAGAG	9735	1.7115991	5.130771	13
>>END_MODULE
