##FastQC	0.10.1
>>Basic Statistics	pass
#Measure	Value	
Filename	SRR1039513_2.fastq.gz	
File type	Conventional base calls	
Encoding	Sanger / Illumina 1.9	
Total Sequences	100000	
Filtered Sequences	0	
Sequence length	63	
%GC	48	
>>END_MODULE
>>Per base sequence quality	pass
#Base	Mean	Median	Lower Quartile	Upper Quartile	10th Percentile	90th Percentile
1	36.55435	39.0	37.0	39.0	32.0	39.0
2	37.78027	40.0	38.0	41.0	32.0	41.0
3	37.78978	40.0	38.0	41.0	32.0	41.0
4	37.67781	40.0	37.0	41.0	32.0	41.0
5	37.65703	40.0	37.0	41.0	32.0	41.0
6	37.21106	40.0	37.0	41.0	31.0	41.0
7	37.51528	40.0	37.0	41.0	32.0	41.0
8	37.47779	40.0	37.0	41.0	31.0	41.0
9	36.84946	40.0	36.0	41.0	30.0	41.0
10	36.76651	40.0	36.0	41.0	30.0	41.0
11	36.73167	40.0	36.0	41.0	30.0	41.0
12	36.81243	40.0	36.0	41.0	30.0	41.0
13	36.54032	39.0	36.0	41.0	29.0	41.0
14	36.68167	39.0	36.0	41.0	30.0	41.0
15	36.52336	39.0	36.0	41.0	30.0	41.0
16	36.54603	39.0	36.0	41.0	30.0	41.0
17	36.52308	39.0	36.0	41.0	30.0	41.0
18	36.47631	39.0	36.0	41.0	30.0	41.0
19	36.63257	39.0	36.0	41.0	30.0	41.0
20	36.81043	40.0	36.0	41.0	30.0	41.0
21	37.00131	40.0	37.0	41.0	30.0	41.0
22	37.19522	40.0	37.0	41.0	31.0	41.0
23	37.00948	40.0	37.0	41.0	30.0	41.0
24	36.75414	40.0	36.0	41.0	30.0	41.0
25	37.07938	40.0	37.0	41.0	30.0	41.0
26	36.49897	40.0	36.0	41.0	30.0	41.0
27	36.49918	40.0	36.0	41.0	30.0	41.0
28	36.42802	40.0	36.0	41.0	30.0	41.0
29	36.26269	40.0	35.0	41.0	29.0	41.0
30	36.34146	40.0	36.0	41.0	29.0	41.0
31	36.46853	40.0	36.0	41.0	30.0	41.0
32	36.37297	40.0	36.0	41.0	30.0	41.0
33	36.14451	39.0	35.0	41.0	29.0	41.0
34	35.48647	39.0	35.0	41.0	26.0	41.0
35	35.46827	39.0	35.0	41.0	26.0	41.0
36	35.49851	39.0	35.0	41.0	26.0	41.0
37	35.35688	39.0	35.0	41.0	26.0	41.0
38	35.35407	39.0	35.0	41.0	26.0	41.0
39	33.04821	37.0	31.0	39.0	23.0	40.0
40	34.21264	38.0	33.0	39.0	25.0	40.0
41	34.30584	38.0	33.0	40.0	24.0	41.0
42	34.37665	38.0	33.0	40.0	23.0	41.0
43	34.65449	38.0	34.0	40.0	24.0	41.0
44	34.01478	38.0	33.0	40.0	22.0	41.0
45	34.22191	38.0	33.0	40.0	23.0	41.0
46	33.92112	38.0	33.0	40.0	22.0	41.0
47	33.70415	37.0	33.0	40.0	22.0	41.0
48	33.3799	37.0	33.0	40.0	20.0	41.0
49	33.27381	37.0	32.0	40.0	20.0	41.0
50	33.23048	37.0	33.0	40.0	20.0	41.0
51	32.56359	36.0	31.0	40.0	15.0	41.0
52	32.28478	36.0	31.0	39.0	13.0	41.0
53	32.30452	36.0	31.0	39.0	13.0	41.0
54	32.2869	36.0	31.0	39.0	13.0	41.0
55	31.9934	35.0	31.0	39.0	8.0	41.0
56	31.9189	35.0	31.0	39.0	7.0	41.0
57	31.3355	35.0	31.0	39.0	2.0	40.0
58	31.43028	35.0	31.0	38.0	2.0	40.0
59	31.46136	35.0	31.0	38.0	2.0	40.0
60	31.0241	35.0	31.0	37.0	2.0	40.0
61	30.61418	35.0	31.0	37.0	2.0	40.0
62	30.39576	35.0	31.0	37.0	2.0	39.0
63	28.96935	34.0	29.0	36.0	2.0	39.0
>>END_MODULE
>>Per sequence quality scores	pass
#Quality	Count
2	677.0
3	136.0
4	142.0
5	162.0
6	173.0
7	153.0
8	181.0
9	214.0
10	251.0
11	283.0
12	325.0
13	376.0
14	376.0
15	442.0
16	452.0
17	455.0
18	490.0
19	503.0
20	570.0
21	592.0
22	616.0
23	684.0
24	790.0
25	912.0
26	1046.0
27	1161.0
28	1386.0
29	1718.0
30	1917.0
31	2377.0
32	2811.0
33	3469.0
34	4370.0
35	5413.0
36	7156.0
37	9990.0
38	13644.0
39	17637.0
40	15950.0
>>END_MODULE
>>Per base sequence content	pass
#Base	G	A	T	C
1	22.633	24.937	28.543000000000003	23.887
2	23.324	24.895999999999997	27.465	24.315
3	24.025	25.113000000000003	26.283	24.579
4	24.602	24.825	25.467000000000002	25.106
5	24.366	25.525	25.435999999999996	24.673000000000002
6	24.19	25.762	25.438	24.610000000000003
7	24.752	25.058000000000003	25.386999999999997	24.803
8	24.496000000000002	25.531	25.432	24.541
9	24.496000000000002	25.344	25.88	24.279999999999998
10	24.52	25.563000000000002	25.538	24.379
11	24.439	25.999	25.868000000000002	23.694000000000003
12	24.371000000000002	26.169999999999998	25.635	23.824
13	24.622	25.772000000000002	25.096	24.51
14	24.552	25.924000000000003	25.368000000000002	24.156
15	24.189	25.790000000000003	25.781	24.240000000000002
16	24.613	25.519	25.332	24.535999999999998
17	24.318	25.86	25.483	24.339
18	24.023	25.863000000000003	25.831	24.282999999999998
19	24.3	25.430999999999997	25.77	24.499000000000002
20	24.41	25.627	25.668999999999997	24.294
21	23.784	25.82	26.113999999999997	24.282
22	24.590999999999998	25.669999999999998	25.487	24.252000000000002
23	24.773999999999997	25.570999999999998	25.407999999999998	24.247
24	24.189	25.942	25.472	24.397
25	24.52	25.413999999999998	25.472	24.593999999999998
26	24.349	25.574	25.782	24.295
27	24.184	25.529000000000003	25.874000000000002	24.413
28	24.424	25.4	25.546999999999997	24.629
29	24.651	25.72	25.669999999999998	23.959
30	23.919999999999998	25.774	26.045	24.261
31	24.253	25.644	25.689	24.413999999999998
32	24.306	25.806	25.696	24.192
33	24.093999999999998	25.758	25.802999999999997	24.345
34	24.556	25.494	25.513	24.437
35	24.534	25.518	25.468000000000004	24.48
36	24.196	25.599	26.054	24.151
37	24.488	25.497999999999998	25.476	24.538
38	24.354	25.887999999999998	25.543	24.215
39	24.041	25.634	25.818	24.507
40	24.63	25.502999999999997	25.373	24.494
41	24.363	25.8	25.735000000000003	24.102
42	24.12	25.642	25.91	24.328
43	24.451	25.477	25.656000000000002	24.416
44	24.349	25.642	25.944	24.065
45	23.996000000000002	25.558999999999997	25.854	24.590999999999998
46	24.514	25.529000000000003	25.590000000000003	24.367
47	24.298000000000002	26.256	25.485999999999997	23.96
48	24.314	25.996999999999996	25.722	23.967
49	24.202	25.595000000000002	25.585	24.618000000000002
50	24.264	25.872	25.734	24.13
51	24.124000000000002	25.811	25.892	24.173000000000002
52	24.345	25.564999999999998	25.588	24.502
53	24.288999999999998	26.143	25.628	23.94
54	24.032	25.759	25.6	24.609
55	24.269	25.776	25.487	24.468
56	24.563	25.674000000000003	25.737	24.026
57	24.303	25.873	25.768	24.056
58	24.563	25.532	25.665	24.240000000000002
59	24.312	25.833000000000002	25.929999999999996	23.925
60	24.195	26.029000000000003	25.753999999999998	24.022
61	24.377	25.799	25.374000000000002	24.45
62	24.583	25.694	25.591	24.132
63	24.476	25.764	25.734	24.026
>>END_MODULE
>>Per base GC content	pass
#Base	%GC
1	46.52
2	47.638999999999996
3	48.604
4	49.708000000000006
5	49.039
6	48.8
7	49.555
8	49.037
9	48.776
10	48.899
11	48.132999999999996
12	48.195
13	49.132
14	48.708
15	48.429
16	49.149
17	48.657000000000004
18	48.306
19	48.799
20	48.704
21	48.065999999999995
22	48.842999999999996
23	49.021
24	48.586
25	49.114000000000004
26	48.644
27	48.597
28	49.053000000000004
29	48.61
30	48.181000000000004
31	48.667
32	48.498000000000005
33	48.439
34	48.992999999999995
35	49.014
36	48.347
37	49.025999999999996
38	48.569
39	48.548
40	49.124
41	48.465
42	48.448
43	48.867
44	48.414
45	48.587
46	48.881
47	48.258
48	48.281
49	48.82
50	48.394
51	48.297000000000004
52	48.847
53	48.229
54	48.641
55	48.737
56	48.589
57	48.359
58	48.803000000000004
59	48.237
60	48.217
61	48.827
62	48.715
63	48.502
>>END_MODULE
>>Per sequence GC content	pass
#GC Content	Count
0	2.0
1	1.0
2	0.0
3	0.0
4	0.0
5	0.0
6	0.5
7	2.5
8	4.0
9	6.5
10	7.5
11	6.0
12	10.5
13	14.5
14	14.0
15	32.0
16	50.0
17	69.5
18	129.5
19	170.0
20	218.0
21	338.5
22	411.0
23	503.0
24	595.0
25	724.0
26	1007.5
27	1162.0
28	1287.5
29	1625.0
30	1837.0
31	1978.5
32	2120.0
33	2268.5
34	2669.5
35	2922.0
36	3090.0
37	3463.0
38	3668.0
39	3966.5
40	4384.5
41	4504.0
42	4554.5
43	4605.0
44	4683.0
45	4848.0
46	4935.0
47	4939.5
48	4951.5
49	4959.0
50	4920.5
51	4882.0
52	4814.5
53	4705.0
54	4663.0
55	4512.5
56	4301.0
57	4240.0
58	4082.5
59	3925.0
60	3781.0
61	3475.0
62	3313.0
63	3109.0
64	2585.5
65	2266.0
66	2048.5
67	1630.0
68	1429.0
69	1230.5
70	1032.0
71	891.0
72	632.0
73	514.0
74	481.5
75	362.5
76	276.0
77	245.5
78	215.0
79	165.5
80	91.0
81	66.0
82	61.0
83	44.0
84	32.0
85	25.0
86	18.0
87	13.5
88	5.5
89	2.0
90	4.0
91	3.5
92	1.0
93	1.0
94	1.5
95	2.0
96	1.0
97	0.0
98	0.0
99	0.0
100	0.0
>>END_MODULE
>>Per base N content	pass
#Base	N-Count
1	0.0
2	0.0
3	0.0
4	0.0
5	0.0
6	0.0
7	0.0
8	0.0
9	0.0
10	0.0
11	0.0
12	0.0
13	0.0
14	0.0
15	0.0
16	0.0
17	0.0
18	0.0
19	0.0
20	0.0
21	0.0
22	0.0
23	0.0
24	0.0
25	0.0
26	0.0
27	0.0
28	0.0
29	0.0
30	0.0
31	0.0
32	0.0
33	0.0
34	0.0
35	0.0
36	0.0
37	0.0
38	0.0
39	0.0
40	0.0
41	0.0
42	0.0
43	0.0
44	0.0
45	0.0
46	0.0
47	0.0
48	0.0
49	0.0
50	0.0
51	0.0
52	0.0
53	0.0
54	0.0
55	0.0
56	0.0
57	0.0
58	0.0
59	0.0
60	0.0
61	0.0
62	0.0
63	0.0
>>END_MODULE
>>Sequence Length Distribution	pass
#Length	Count
63	100000.0
>>END_MODULE
>>Sequence Duplication Levels	pass
#Total Duplicate Percentage	6.899
#Duplication Level	Relative count
1	100.0
2	2.5262886542572045
3	0.4328632345517234
4	0.11492894813159901
5	0.04940870667339771
6	0.031148967250620295
7	0.00644461391392144
8	0.00644461391392144
9	0.0021482046379738134
10++	0.004296409275947627
>>END_MODULE
>>Overrepresented sequences	pass
>>END_MODULE
>>Kmer Content	warn
#Sequence	Count	Obs/Exp Overall	Obs/Exp Max	Max Obs/Exp Position
AAAAA	22435	3.4141333	4.4443846	47
>>END_MODULE
