##FastQC	0.10.1
>>Basic Statistics	pass
#Measure	Value	
Filename	SRR1039516_2.fastq.gz	
File type	Conventional base calls	
Encoding	Sanger / Illumina 1.9	
Total Sequences	100000	
Filtered Sequences	0	
Sequence length	63	
%GC	49	
>>END_MODULE
>>Per base sequence quality	pass
#Base	Mean	Median	Lower Quartile	Upper Quartile	10th Percentile	90th Percentile
1	36.99352	39.0	37.0	39.0	33.0	39.0
2	38.50663	40.0	38.0	41.0	34.0	41.0
3	38.3152	40.0	38.0	41.0	33.0	41.0
4	38.37935	40.0	38.0	41.0	33.0	41.0
5	38.30508	40.0	38.0	41.0	33.0	41.0
6	38.31525	40.0	38.0	41.0	33.0	41.0
7	38.34573	40.0	38.0	41.0	34.0	41.0
8	38.27313	40.0	38.0	41.0	33.0	41.0
9	38.20321	40.0	38.0	41.0	33.0	41.0
10	38.14766	40.0	38.0	41.0	33.0	41.0
11	37.89318	40.0	38.0	41.0	33.0	41.0
12	37.83561	40.0	38.0	41.0	32.0	41.0
13	37.85524	40.0	38.0	41.0	33.0	41.0
14	37.72191	40.0	38.0	41.0	32.0	41.0
15	37.55557	40.0	37.0	41.0	32.0	41.0
16	37.65527	40.0	38.0	41.0	32.0	41.0
17	37.65723	40.0	38.0	41.0	32.0	41.0
18	37.74103	40.0	38.0	41.0	32.0	41.0
19	37.59465	40.0	38.0	41.0	32.0	41.0
20	37.62221	40.0	38.0	41.0	32.0	41.0
21	37.75968	40.0	38.0	41.0	33.0	41.0
22	37.62507	40.0	38.0	41.0	32.0	41.0
23	37.61665	40.0	38.0	41.0	32.0	41.0
24	37.56841	40.0	38.0	41.0	32.0	41.0
25	37.62238	40.0	38.0	41.0	32.0	41.0
26	37.54762	40.0	38.0	41.0	32.0	41.0
27	37.47277	40.0	37.0	41.0	31.0	41.0
28	37.4115	40.0	37.0	41.0	31.0	41.0
29	37.23734	40.0	37.0	41.0	31.0	41.0
30	37.2452	40.0	37.0	41.0	31.0	41.0
31	37.20551	40.0	37.0	41.0	31.0	41.0
32	37.12692	40.0	37.0	41.0	31.0	41.0
33	37.03058	40.0	37.0	41.0	31.0	41.0
34	36.90272	40.0	36.0	41.0	30.0	41.0
35	36.62444	40.0	36.0	41.0	30.0	41.0
36	36.65436	40.0	36.0	41.0	30.0	41.0
37	36.63433	40.0	36.0	41.0	30.0	41.0
38	36.43741	39.0	35.0	41.0	30.0	41.0
39	34.49223	37.0	33.0	39.0	27.0	40.0
40	35.30965	38.0	34.0	40.0	28.0	40.0
41	35.83902	39.0	35.0	40.0	29.0	41.0
42	36.04641	39.0	35.0	41.0	29.0	41.0
43	36.09451	39.0	35.0	41.0	29.0	41.0
44	35.97448	39.0	35.0	41.0	29.0	41.0
45	35.78421	39.0	35.0	41.0	29.0	41.0
46	35.63588	38.0	35.0	41.0	28.0	41.0
47	35.38761	38.0	35.0	41.0	28.0	41.0
48	35.3372	38.0	35.0	40.0	28.0	41.0
49	35.2185	38.0	35.0	40.0	28.0	41.0
50	35.07914	37.0	34.0	40.0	28.0	41.0
51	34.92079	37.0	34.0	40.0	28.0	41.0
52	34.69572	37.0	34.0	40.0	27.0	41.0
53	34.42336	37.0	34.0	40.0	27.0	41.0
54	34.24419	36.0	34.0	39.0	26.0	41.0
55	34.01473	36.0	34.0	39.0	26.0	41.0
56	33.84488	36.0	34.0	39.0	26.0	41.0
57	33.45748	35.0	34.0	39.0	26.0	41.0
58	33.22887	35.0	33.0	39.0	25.0	41.0
59	33.10407	35.0	33.0	39.0	25.0	40.0
60	32.55433	35.0	33.0	38.0	23.0	40.0
61	32.32943	35.0	33.0	37.0	22.0	40.0
62	32.00983	35.0	33.0	37.0	20.0	39.0
63	30.53401	34.0	30.0	36.0	2.0	38.0
>>END_MODULE
>>Per sequence quality scores	pass
#Quality	Count
2	465.0
3	67.0
4	87.0
5	103.0
6	101.0
7	94.0
8	128.0
9	126.0
10	150.0
11	159.0
12	183.0
13	160.0
14	175.0
15	190.0
16	221.0
17	185.0
18	225.0
19	256.0
20	301.0
21	370.0
22	391.0
23	484.0
24	555.0
25	580.0
26	751.0
27	930.0
28	1057.0
29	1288.0
30	1558.0
31	1908.0
32	2364.0
33	3007.0
34	3738.0
35	5146.0
36	7265.0
37	10609.0
38	15192.0
39	20211.0
40	19220.0
>>END_MODULE
>>Per base sequence content	pass
#Base	G	A	T	C
1	23.398	24.451999999999998	28.059	24.091
2	23.849999999999998	24.691	27.236	24.223
3	24.448	24.485	26.064	25.002999999999997
4	25.2	24.359	25.341	25.1
5	25.264999999999997	24.854000000000003	25.291000000000004	24.59
6	24.762999999999998	25.052999999999997	25.281	24.903
7	25.361	25.051000000000002	24.676000000000002	24.912
8	24.806	25.278	25.718000000000004	24.198
9	24.81	24.909	25.467000000000002	24.814
10	24.868000000000002	25.183	25.203999999999997	24.745
11	25.093	25.079	25.489	24.339
12	24.756	25.346999999999998	25.411	24.486
13	25.122	25.266	24.806	24.806
14	24.847	25.354	25.062	24.737000000000002
15	24.481	25.137999999999998	25.730999999999998	24.65
16	24.881	24.799	25.133	25.186999999999998
17	25.091	25.125999999999998	25.096	24.687
18	24.566	25.135	25.372	24.927
19	24.728	24.968	25.149	25.155
20	25.008999999999997	25.337	25.084	24.57
21	24.607	25.139	25.668000000000003	24.586
22	25.153	25.251	24.67	24.926000000000002
23	25.1	25.308000000000003	25.074	24.518
24	24.814	25.229000000000003	25.3	24.657
25	24.886	24.852	25.251	25.011
26	24.686	25.264999999999997	25.263	24.786
27	24.418	25.319999999999997	25.356	24.906
28	24.995	24.844	25.063999999999997	25.097
29	25.219	25.374999999999996	25.029	24.377
30	24.808	25.020999999999997	25.386999999999997	24.784
31	25.061	25.147000000000002	25.063000000000002	24.729
32	24.985	25.275	25.454	24.285999999999998
33	24.622	24.884	25.592	24.901999999999997
34	24.859	24.979000000000003	25.069000000000003	25.093
35	24.848	25.296999999999997	25.074999999999996	24.779999999999998
36	24.359	25.223000000000003	25.625999999999998	24.792
37	24.956	25.097	24.954	24.993000000000002
38	24.825	25.237	25.317	24.621000000000002
39	24.894	25.058000000000003	25.445	24.603
40	24.81	25.217	25.008999999999997	24.964
41	24.740000000000002	25.428	25.274	24.558
42	24.539	25.058000000000003	25.487	24.916
43	24.621000000000002	25.046000000000003	25.002000000000002	25.331
44	24.479	25.259999999999998	25.395	24.866
45	24.102	25.107000000000003	25.712000000000003	25.079
46	24.735	24.989	25.144	25.131999999999998
47	24.685000000000002	25.680999999999997	25.16	24.474
48	24.423000000000002	25.296000000000003	25.686999999999998	24.593999999999998
49	24.801000000000002	25.113999999999997	25.023	25.062
50	24.487000000000002	25.587	25.146	24.779999999999998
51	24.348	25.767	25.441000000000003	24.444
52	24.895	25.020999999999997	25.251	24.833
53	24.697	25.446999999999996	25.342	24.514
54	24.683	25.351000000000003	25.134	24.832
55	24.784	25.319999999999997	25.093	24.803
56	25.092	25.518	25.214	24.176000000000002
57	24.493000000000002	25.201	25.591	24.715
58	24.77	25.03	25.212	24.988
59	24.752	25.517	25.142999999999997	24.587999999999997
60	24.563	25.331	25.461	24.645
61	24.858	25.318	24.831	24.993000000000002
62	24.645	25.391000000000002	25.163999999999998	24.8
63	24.626	25.215	25.521	24.637999999999998
>>END_MODULE
>>Per base GC content	pass
#Base	%GC
1	47.489
2	48.073
3	49.451
4	50.3
5	49.855
6	49.666
7	50.273
8	49.004
9	49.624
10	49.613
11	49.431999999999995
12	49.242000000000004
13	49.928
14	49.584
15	49.131
16	50.068
17	49.778
18	49.492999999999995
19	49.883
20	49.579
21	49.193
22	50.07899999999999
23	49.618
24	49.471
25	49.897000000000006
26	49.472
27	49.324
28	50.092000000000006
29	49.596000000000004
30	49.592000000000006
31	49.79
32	49.271
33	49.524
34	49.952000000000005
35	49.628
36	49.151
37	49.949
38	49.446
39	49.497
40	49.774
41	49.297999999999995
42	49.455
43	49.952000000000005
44	49.345
45	49.181000000000004
46	49.867
47	49.159000000000006
48	49.016999999999996
49	49.863
50	49.267
51	48.792
52	49.728
53	49.211
54	49.515
55	49.586999999999996
56	49.268
57	49.208
58	49.758
59	49.34
60	49.208
61	49.851
62	49.445
63	49.264
>>END_MODULE
>>Per sequence GC content	pass
#GC Content	Count
0	1.0
1	1.5
2	2.0
3	2.0
4	4.5
5	7.0
6	3.5
7	1.5
8	3.0
9	3.5
10	4.0
11	4.0
12	8.5
13	16.5
14	20.0
15	27.0
16	34.0
17	58.5
18	107.0
19	131.0
20	164.5
21	237.5
22	277.0
23	369.0
24	461.0
25	552.5
26	776.0
27	908.0
28	1015.0
29	1307.5
30	1493.0
31	1642.5
32	1792.0
33	2010.0
34	2388.5
35	2549.0
36	2840.5
37	3311.5
38	3491.0
39	3818.0
40	4291.0
41	4437.0
42	4472.5
43	4508.0
44	4638.5
45	4923.5
46	5078.0
47	5051.5
48	5039.5
49	5054.0
50	4966.0
51	4878.0
52	4857.5
53	4843.0
54	4849.0
55	4722.0
56	4562.5
57	4530.0
58	4388.5
59	4247.0
60	4030.5
61	3611.5
62	3409.0
63	3241.5
64	2780.5
65	2487.0
66	2276.0
67	1829.5
68	1594.0
69	1418.0
70	1242.0
71	1046.5
72	745.5
73	640.0
74	533.0
75	383.5
76	341.0
77	269.0
78	197.0
79	156.0
80	108.0
81	101.0
82	69.0
83	27.5
84	18.0
85	15.0
86	12.0
87	10.5
88	7.0
89	5.0
90	4.0
91	2.5
92	2.0
93	3.0
94	3.0
95	2.0
96	1.5
97	1.0
98	0.5
99	0.0
100	0.0
>>END_MODULE
>>Per base N content	pass
#Base	N-Count
1	0.0
2	0.0
3	0.0
4	0.0
5	0.0
6	0.0
7	0.0
8	0.0
9	0.0
10	0.0
11	0.0
12	0.0
13	0.0
14	0.0
15	0.0
16	0.0
17	0.0
18	0.0
19	0.0
20	0.0
21	0.0
22	0.0
23	0.0
24	0.0
25	0.0
26	0.0
27	0.0
28	0.0
29	0.0
30	0.0
31	0.0
32	0.0
33	0.0
34	0.0
35	0.0
36	0.0
37	0.0
38	0.0
39	0.0
40	0.0
41	0.0
42	0.0
43	0.0
44	0.0
45	0.0
46	0.0
47	0.0
48	0.0
49	0.0
50	0.0
51	0.0
52	0.0
53	0.0
54	0.0
55	0.0
56	0.0
57	0.0
58	0.0
59	0.0
60	0.0
61	0.0
62	0.0
63	0.0
>>END_MODULE
>>Sequence Length Distribution	pass
#Length	Count
63	100000.0
>>END_MODULE
>>Sequence Duplication Levels	pass
#Total Duplicate Percentage	9.574
#Duplication Level	Relative count
1	100.0
2	3.1185720920974056
3	0.6292438015614978
4	0.2222812023090704
5	0.09510539004268684
6	0.0563997080485701
7	0.024329285824873377
8	0.014376396169243359
9	0.014376396169243359
10++	0.025435162453276712
>>END_MODULE
>>Overrepresented sequences	pass
>>END_MODULE
>>Kmer Content	warn
#Sequence	Count	Obs/Exp Overall	Obs/Exp Max	Max Obs/Exp Position
AAAAA	21875	3.6708708	5.9900227	48
>>END_MODULE
