##FastQC	0.10.1
>>Basic Statistics	pass
#Measure	Value	
Filename	SRR1039509_1.fastq.gz	
File type	Conventional base calls	
Encoding	Sanger / Illumina 1.9	
Total Sequences	100000	
Filtered Sequences	0	
Sequence length	63	
%GC	49	
>>END_MODULE
>>Per base sequence quality	pass
#Base	Mean	Median	Lower Quartile	Upper Quartile	10th Percentile	90th Percentile
1	38.5792	39.0	39.0	39.0	38.0	39.0
2	40.24009	41.0	40.0	41.0	39.0	41.0
3	40.24908	41.0	40.0	41.0	39.0	41.0
4	40.18576	41.0	40.0	41.0	38.0	41.0
5	40.2175	41.0	40.0	41.0	38.0	41.0
6	40.16506	41.0	40.0	41.0	38.0	41.0
7	40.2339	41.0	40.0	41.0	39.0	41.0
8	40.20561	41.0	40.0	41.0	39.0	41.0
9	40.15349	41.0	40.0	41.0	38.0	41.0
10	40.08014	41.0	40.0	41.0	38.0	41.0
11	40.08042	41.0	40.0	41.0	38.0	41.0
12	40.06898	41.0	40.0	41.0	38.0	41.0
13	40.01514	41.0	40.0	41.0	38.0	41.0
14	39.88308	41.0	40.0	41.0	38.0	41.0
15	39.77383	41.0	40.0	41.0	38.0	41.0
16	39.7015	41.0	40.0	41.0	38.0	41.0
17	39.50681	41.0	40.0	41.0	37.0	41.0
18	39.24605	41.0	40.0	41.0	36.0	41.0
19	39.33999	41.0	40.0	41.0	37.0	41.0
20	39.37494	41.0	40.0	41.0	37.0	41.0
21	38.88254	41.0	39.0	41.0	35.0	41.0
22	38.80028	41.0	39.0	41.0	35.0	41.0
23	38.63591	40.0	39.0	41.0	35.0	41.0
24	38.87895	40.0	39.0	41.0	35.0	41.0
25	39.20426	41.0	39.0	41.0	36.0	41.0
26	39.25127	41.0	39.0	41.0	36.0	41.0
27	39.29588	41.0	39.0	41.0	36.0	41.0
28	39.20024	41.0	39.0	41.0	35.0	41.0
29	39.02958	41.0	39.0	41.0	35.0	41.0
30	39.10325	41.0	39.0	41.0	35.0	41.0
31	39.07563	41.0	39.0	41.0	35.0	41.0
32	38.89028	41.0	39.0	41.0	35.0	41.0
33	38.90608	41.0	39.0	41.0	35.0	41.0
34	38.86314	41.0	39.0	41.0	35.0	41.0
35	38.75303	41.0	38.0	41.0	35.0	41.0
36	38.6375	40.0	38.0	41.0	35.0	41.0
37	38.52218	40.0	38.0	41.0	35.0	41.0
38	38.64194	41.0	38.0	41.0	35.0	41.0
39	38.68907	41.0	38.0	41.0	35.0	41.0
40	38.61285	41.0	38.0	41.0	35.0	41.0
41	38.5193	41.0	37.0	41.0	35.0	41.0
42	38.42053	40.0	37.0	41.0	35.0	41.0
43	38.33649	40.0	37.0	41.0	35.0	41.0
44	38.07995	40.0	37.0	41.0	34.0	41.0
45	38.03488	40.0	36.0	41.0	34.0	41.0
46	37.92583	40.0	36.0	41.0	34.0	41.0
47	37.77635	40.0	36.0	41.0	34.0	41.0
48	37.57231	39.0	35.0	41.0	34.0	41.0
49	37.45035	39.0	35.0	41.0	34.0	41.0
50	37.3318	39.0	35.0	41.0	34.0	41.0
51	37.07569	39.0	35.0	41.0	34.0	41.0
52	36.88572	38.0	35.0	41.0	33.0	41.0
53	36.71749	37.0	35.0	41.0	33.0	41.0
54	36.56704	37.0	35.0	41.0	33.0	41.0
55	36.37718	37.0	35.0	40.0	33.0	41.0
56	36.1928	37.0	35.0	40.0	33.0	41.0
57	35.99331	36.0	35.0	39.0	33.0	41.0
58	35.75518	36.0	35.0	39.0	33.0	41.0
59	35.51064	36.0	35.0	39.0	33.0	41.0
60	35.25909	36.0	35.0	39.0	32.0	41.0
61	34.81217	35.0	35.0	39.0	31.0	41.0
62	34.71845	35.0	35.0	38.0	32.0	40.0
63	33.86522	35.0	34.0	37.0	30.0	39.0
>>END_MODULE
>>Per sequence quality scores	pass
#Quality	Count
2	1.0
3	3.0
4	5.0
5	5.0
6	19.0
7	31.0
8	32.0
9	43.0
10	47.0
11	41.0
12	55.0
13	61.0
14	63.0
15	59.0
16	73.0
17	72.0
18	83.0
19	98.0
20	90.0
21	118.0
22	125.0
23	136.0
24	171.0
25	169.0
26	229.0
27	256.0
28	371.0
29	432.0
30	590.0
31	780.0
32	965.0
33	1244.0
34	1800.0
35	2825.0
36	5022.0
37	9386.0
38	16308.0
39	23892.0
40	34300.0
>>END_MODULE
>>Per base sequence content	pass
#Base	G	A	T	C
1	22.664	24.249000000000002	28.583	24.504
2	23.634	23.517	26.714	26.135
3	24.18	24.898	25.337	25.585
4	24.685000000000002	24.11	24.898999999999997	26.306
5	26.272000000000002	24.406	24.128	25.194
6	24.646	24.471	25.775	25.108000000000004
7	24.95	24.301000000000002	24.604	26.145000000000003
8	24.828	24.571	25.673000000000002	24.928
9	25.592	24.727	24.854000000000003	24.826999999999998
10	24.982	25.512	24.639	24.867
11	24.686	26.299	24.525	24.490000000000002
12	24.404	25.191000000000003	24.929000000000002	25.476
13	24.637478248694922	25.114506870412225	25.54653279196752	24.701482088925335
14	24.733	25.197999999999997	24.374000000000002	25.695
15	24.405030312139885	24.941129315095946	24.597424720677388	26.056415652086777
16	24.6143823603107	25.656727637183664	24.636431971936858	25.092458030568782
17	25.67826444540285	24.88290221959219	24.64218729626992	24.796646038735044
18	24.59831905803061	24.76179969109181	26.02451206547249	24.615369185405093
19	24.709045669796932	24.883618267918774	24.786299060919816	25.621037001364478
20	24.620832163062232	25.892749668980457	24.792360470248365	24.694057697708942
21	24.287346644214576	25.123286023574693	25.052120920535643	25.537246411675085
22	25.009787879092087	24.793952596548642	25.61412667021373	24.582132854145545
23	25.797813659612878	24.906228061378	24.606358439474477	24.68959983953465
24	24.478201184380605	26.119500195392742	24.846942354131805	24.55535626609485
25	24.933973589435773	24.647859143657463	24.21468587434974	26.20348139255702
26	24.572	24.829	24.709999999999997	25.889
27	24.277	25.883	25.14	24.7
28	24.653	25.657000000000004	24.75	24.94
29	24.633	25.131999999999998	25.691000000000003	24.544
30	24.526	24.868000000000002	25.044	25.562
31	24.586	24.761	25.891	24.762
32	24.403	24.968	25.006	25.623
33	25.372	24.795	24.793000000000003	25.040000000000003
34	24.631	24.829	25.585	24.955
35	24.714	25.695	24.737000000000002	24.854000000000003
36	24.304000000000002	24.746000000000002	26.131999999999998	24.818
37	25.753999999999998	24.776	24.733	24.737000000000002
38	24.77	24.892	24.6	25.738
39	24.136	25.048	25.064999999999998	25.751
40	25.732	24.846	24.598	24.823999999999998
41	24.943	24.813	25.613999999999997	24.63
42	24.238	24.881	24.981	25.900000000000002
43	24.575	24.593	26.028000000000002	24.804000000000002
44	24.878	24.729	25.856	24.537
45	23.966	24.92	25.391000000000002	25.723000000000003
46	24.612000000000002	24.675	25.766	24.947
47	25.487	25.289	24.779999999999998	24.444
48	24.417	24.807000000000002	25.221	25.555
49	24.467	24.869	25.72	24.944
50	24.564228211410573	24.87124356217811	25.878293914695732	24.686234311715584
51	25.034	25.097	25.277	24.592
52	24.692	25.617	25.122	24.569
53	24.603	26.084000000000003	24.948	24.365000000000002
54	24.426000000000002	25.980999999999998	25.041999999999998	24.551000000000002
55	24.343	26.173000000000002	24.844	24.64
56	24.81	26.169999999999998	24.654999999999998	24.365000000000002
57	24.786	25.919999999999998	25.046000000000003	24.248
58	24.820999999999998	25.7	24.735	24.744
59	24.726	26.171	24.496000000000002	24.607
60	24.553	25.893	24.886	24.668
61	25.036	25.774	24.514	24.676000000000002
62	24.894	25.965	24.908	24.233
63	24.69	25.561	25.070999999999998	24.678
>>END_MODULE
>>Per base GC content	pass
#Base	%GC
1	47.168
2	49.769000000000005
3	49.765
4	50.991
5	51.466
6	49.754
7	51.095
8	49.756
9	50.419000000000004
10	49.849
11	49.175999999999995
12	49.88
13	49.33896033762026
14	50.428
15	50.46144596422667
16	49.70684039087948
17	50.474910484137894
18	49.2136882434357
19	50.33008267116141
20	49.314889860771174
21	49.824593055889665
22	49.59192073323763
23	50.48741349914753
24	49.033557450475456
25	51.1374549819928
26	50.461
27	48.977
28	49.592999999999996
29	49.177
30	50.088
31	49.348
32	50.026
33	50.412
34	49.586000000000006
35	49.568
36	49.122
37	50.491
38	50.507999999999996
39	49.887
40	50.556
41	49.573
42	50.138000000000005
43	49.379
44	49.415
45	49.689
46	49.559
47	49.931
48	49.972
49	49.411
50	49.25046252312615
51	49.626
52	49.260999999999996
53	48.968
54	48.977
55	48.983
56	49.175000000000004
57	49.034
58	49.565
59	49.333
60	49.221
61	49.712
62	49.126999999999995
63	49.368
>>END_MODULE
>>Per sequence GC content	pass
#GC Content	Count
0	2.0
1	1.5
2	0.5
3	0.0
4	0.0
5	0.0
6	1.0
7	2.5
8	3.0
9	3.0
10	3.0
11	3.0
12	8.0
13	18.5
14	24.0
15	27.5
16	31.0
17	49.0
18	103.5
19	140.0
20	181.5
21	292.0
22	361.0
23	428.0
24	495.0
25	602.5
26	842.0
27	974.0
28	1060.0
29	1310.5
30	1475.0
31	1644.5
32	1814.0
33	1974.5
34	2338.5
35	2542.0
36	2769.5
37	3201.0
38	3405.0
39	3541.0
40	4110.5
41	4544.0
42	4576.0
43	4608.0
44	4583.0
45	4612.0
46	4666.0
47	4754.0
48	4895.5
49	4949.0
50	4893.5
51	4838.0
52	4848.5
53	4843.5
54	4828.0
55	4819.0
56	4642.0
57	4474.0
58	4363.5
59	4253.0
60	4159.5
61	3850.0
62	3634.0
63	3387.0
64	2865.0
65	2590.0
66	2379.5
67	1964.0
68	1759.0
69	1512.0
70	1265.0
71	1083.0
72	774.5
73	648.0
74	562.0
75	412.0
76	348.0
77	286.5
78	225.0
79	184.5
80	115.0
81	86.0
82	62.5
83	25.5
84	12.0
85	14.0
86	16.0
87	10.0
88	3.0
89	2.0
90	1.5
91	1.5
92	2.0
93	1.0
94	0.0
95	0.0
96	0.5
97	1.0
98	0.5
99	0.0
100	0.0
>>END_MODULE
>>Per base N content	pass
#Base	N-Count
1	0.0
2	0.0
3	0.0
4	0.0
5	0.0
6	0.0
7	0.0
8	0.0
9	0.0
10	0.0
11	0.0
12	0.0
13	0.006
14	0.0
15	0.20500000000000002
16	0.22499999999999998
17	0.297
18	0.294
19	0.328
20	0.308
21	0.232
22	0.387
23	0.29
24	0.201
25	0.04
26	0.0
27	0.0
28	0.0
29	0.0
30	0.0
31	0.0
32	0.0
33	0.0
34	0.0
35	0.0
36	0.0
37	0.0
38	0.0
39	0.0
40	0.0
41	0.0
42	0.0
43	0.0
44	0.0
45	0.0
46	0.0
47	0.0
48	0.0
49	0.0
50	0.005
51	0.0
52	0.0
53	0.0
54	0.0
55	0.0
56	0.0
57	0.0
58	0.0
59	0.0
60	0.0
61	0.0
62	0.0
63	0.0
>>END_MODULE
>>Sequence Length Distribution	pass
#Length	Count
63	100000.0
>>END_MODULE
>>Sequence Duplication Levels	pass
#Total Duplicate Percentage	8.468084680846806
#Duplication Level	Relative count
1	100.0
2	2.8023292654947505
3	0.4818039789797992
4	0.15732374823830178
5	0.03823841103014279
6	0.022943046618085675
7	0.007647682206028559
8	0.00874020823546121
9	0.0065551561765959075
10++	0.018572942500355072
>>END_MODULE
>>Overrepresented sequences	warn
#Sequence	Count	Percentage	Possible Source
ACACGTCTGAACTCCAGTCACTGACCAATCTCGTATGCCGTCTTCTGCTTGAAAAAAAAAAAA	601	0.601	TruSeq Adapter, Index 4 (100% over 51bp)
>>END_MODULE
>>Kmer Content	fail
#Sequence	Count	Obs/Exp Overall	Obs/Exp Max	Max Obs/Exp Position
AAAAA	27675	4.688088	14.429967	55
CTTCT	14435	2.4673183	13.502137	42
TCCAG	14020	2.4314551	12.258988	13
TCTTC	14135	2.4160404	12.998326	41
CTGCT	13920	2.4159598	13.659068	45
CTCCA	13370	2.289428	12.14559	12
TTCTG	12415	2.1492045	13.062621	43
GAAAA	11420	1.9658424	11.365537	51
CACTG	11100	1.9250466	12.268221	19
TCTGC	11030	1.9143704	12.78939	44
CTGAA	10635	1.8382479	12.074641	7
TGAAA	10225	1.7614815	11.324022	50
TCTGA	9635	1.6666733	12.185855	6
TGCTT	9510	1.6463096	12.348874	46
CCAGT	9230	1.6007369	12.00132	14
TTGAA	8610	1.4843974	10.773678	49
GTCTG	8350	1.4677752	12.745813	5
GACCA	8245	1.4288172	12.195911	23
ACCAA	8280	1.4120238	12.090346	24
CTTGA	8025	1.3881736	10.962719	48
ACTGA	7945	1.3732843	11.86916	20
TCACT	7915	1.3518455	11.879807	18
ATGCC	7785	1.350134	12.370663	35
GCTTG	7610	1.3376971	11.606524	47
GTCTT	7685	1.3303773	11.68492	40
CAGTC	7600	1.3180499	11.69594	15
TGACC	7600	1.3180499	11.806237	22
CTGAC	7595	1.3171828	11.754906	21
ATCTC	7700	1.3151245	11.377424	28
ACTCC	7395	1.2662919	11.534842	11
AGTCA	7315	1.2643896	11.605783	16
AATCT	7350	1.2511568	11.088581	27
GAACT	7050	1.2185847	12.228707	9
TGAAC	6930	1.1978425	11.8199005	8
GTCAC	6540	1.1342167	11.95243	17
AACTC	6400	1.0922545	11.420168	10
CCAAT	6210	1.0598282	11.273187	25
CGTCT	5520	0.95805305	11.561608	4
TGCCG	4945	0.87148297	11.687845	36
CAATC	5050	0.86185706	11.016594	26
CACGT	4575	0.79343134	11.6550045	2
GTATG	4490	0.78662497	11.670492	33
TATGC	4430	0.7663066	11.217106	34
CCGTC	4315	0.7508458	11.078554	38
TCTCG	4270	0.74110264	11.050033	29
GCCGT	4185	0.7375443	11.272278	37
CTCGT	4075	0.70725834	10.947718	30
ACACG	4020	0.69664586	11.595013	1
ACGTC	3670	0.6364794	11.348293	3
TCGTA	2660	0.46012983	10.911184	31
CGTAT	2300	0.39785662	10.809211	32
>>END_MODULE
